      0.00000000E+00      0.00000000E+00      0.18452700E+03
      0.18900000E+01      0.10000000E+00      0.18425400E+03
      0.38700000E+01      0.26000000E+00      0.18396500E+03
      0.58700000E+01      0.35000000E+00      0.18379400E+03
      0.78100000E+01      0.49000000E+00      0.18368000E+03
      0.98000000E+01      0.65000000E+00      0.18354500E+03
      0.11780000E+02      0.84000000E+00      0.18334900E+03
      0.13790000E+02      0.10100000E+01      0.18320100E+03
      0.15780000E+02      0.12100000E+01      0.18305100E+03
      0.17770000E+02      0.15200000E+01      0.18292200E+03
      0.19680000E+02      0.18300000E+01      0.18277600E+03
      0.21660000E+02      0.21900000E+01      0.18259600E+03
      0.23580000E+02      0.26100000E+01      0.18240800E+03
      0.25520000E+02      0.30000000E+01      0.18222800E+03
      0.27530000E+02      0.34000000E+01      0.18199400E+03
      0.29470000E+02      0.37300000E+01      0.18177700E+03
      0.31430000E+02      0.40400000E+01      0.18157400E+03
      0.33390000E+02      0.43300000E+01      0.18136000E+03
      0.35350000E+02      0.47200000E+01      0.18111000E+03
      0.37300000E+02      0.50900000E+01      0.18087700E+03
      0.39250000E+02      0.54900000E+01      0.18065700E+03
      0.41180000E+02      0.57900000E+01      0.18037700E+03
      0.43110000E+02      0.61800000E+01      0.18010300E+03
      0.45040000E+02      0.65700000E+01      0.17987700E+03
      0.47040000E+02      0.69700000E+01      0.17963100E+03
      0.48960000E+02      0.73400000E+01      0.17947300E+03
      0.50840000E+02      0.77000000E+01      0.17918800E+03
      0.52870000E+02      0.80600000E+01      0.17897400E+03
      0.54830000E+02      0.83900000E+01      0.17874200E+03
      0.56740000E+02      0.87200000E+01      0.17856900E+03
      0.58720000E+02      0.90700000E+01      0.17837200E+03
      0.60670000E+02      0.94400000E+01      0.17817100E+03
      0.62640000E+02      0.97700000E+01      0.17798700E+03
      0.64610000E+02      0.10130000E+02      0.17779500E+03
      0.66560000E+02      0.10500000E+02      0.17772400E+03
      0.68540000E+02      0.10900000E+02      0.17762400E+03
      0.70480000E+02      0.11270000E+02      0.17753700E+03
      0.72440000E+02      0.11640000E+02      0.17745300E+03
      0.74390000E+02      0.12030000E+02      0.17738000E+03
      0.76390000E+02      0.12370000E+02      0.17738400E+03
      0.14517000E+03      0.24210000E+02      0.17426000E+03
      0.14718000E+03      0.24400000E+02      0.17417500E+03
      0.14915000E+03      0.24710000E+02      0.17406300E+03
      0.15113000E+03      0.24950000E+02      0.17400500E+03
      0.15309000E+03      0.25230000E+02      0.17397500E+03
      0.15508000E+03      0.25540000E+02      0.17391600E+03
      0.15706000E+03      0.25820000E+02      0.17388300E+03
      0.15888000E+03      0.26090000E+02      0.17382500E+03
      0.82290000E+02      0.13520000E+02      0.17716300E+03
      0.84220000E+02      0.13890000E+02      0.17710100E+03
      0.86180000E+02      0.14260000E+02      0.17702100E+03
      0.88140000E+02      0.14680000E+02      0.17693000E+03
      0.90080000E+02      0.15040000E+02      0.17684400E+03
      0.92060000E+02      0.15370000E+02      0.17674900E+03
      0.94040000E+02      0.15720000E+02      0.17663900E+03
      0.96000000E+02      0.16020000E+02      0.17654300E+03
      0.97950000E+02      0.16330000E+02      0.17645600E+03
      0.99920000E+02      0.16550000E+02      0.17639100E+03
      0.10189000E+03      0.16910000E+02      0.17623500E+03
      0.10388000E+03      0.17210000E+02      0.17611800E+03
      0.10580000E+03      0.17720000E+02      0.17600700E+03
      0.10778000E+03      0.18020000E+02      0.17593700E+03
      0.10971000E+03      0.18410000E+02      0.17575600E+03
      0.11171000E+03      0.18800000E+02      0.17571400E+03
      0.11367000E+03      0.19150000E+02      0.17563500E+03
      0.11565000E+03      0.19460000E+02      0.17549300E+03
      0.11758000E+03      0.19780000E+02      0.17540300E+03
      0.11955000E+03      0.20130000E+02      0.17533700E+03
      0.12153000E+03      0.20520000E+02      0.17522200E+03
      0.12350000E+03      0.20800000E+02      0.17518900E+03
      0.12545000E+03      0.21160000E+02      0.17504700E+03
      0.12743000E+03      0.21530000E+02      0.17500800E+03
      0.12940000E+03      0.21830000E+02      0.17493900E+03
      0.13138000E+03      0.22170000E+02      0.17486000E+03
      0.13333000E+03      0.22440000E+02      0.17471200E+03
      0.13532000E+03      0.22740000E+02      0.17463500E+03
      0.13730000E+03      0.23010000E+02      0.17454700E+03
      0.13926000E+03      0.23310000E+02      0.17451800E+03
      0.14121000E+03      0.23640000E+02      0.17435400E+03
      0.14325000E+03      0.23870000E+02      0.17434300E+03
      0.16499000E+03      0.26770000E+02      0.17350500E+03
      0.16700000E+03      0.26960000E+02      0.17345200E+03
      0.16895000E+03      0.27150000E+02      0.17342000E+03
      0.17100000E+03      0.27440000E+02      0.17321400E+03
      0.17296000E+03      0.27640000E+02      0.17323600E+03
      0.17491000E+03      0.27840000E+02      0.17325900E+03
      0.17687000E+03      0.28040000E+02      0.17328100E+03
      0.17890000E+03      0.28170000E+02      0.17323300E+03
      0.18088000E+03      0.28430000E+02      0.17314300E+03
      0.18286000E+03      0.28590000E+02      0.17308500E+03
      0.18485000E+03      0.28780000E+02      0.17304400E+03
      0.18684000E+03      0.28940000E+02      0.17302100E+03
      0.18881000E+03      0.29100000E+02      0.17298800E+03
      0.19078000E+03      0.29260000E+02      0.17301600E+03
      0.19284000E+03      0.29320000E+02      0.17288800E+03
      0.19481000E+03      0.29360000E+02      0.17284700E+03
      0.19679000E+03      0.29470000E+02      0.17276700E+03
      0.19878000E+03      0.29590000E+02      0.17268700E+03
      0.20079000E+03      0.29560000E+02      0.17259500E+03
      0.20278000E+03      0.29520000E+02      0.17250000E+03
      0.20479000E+03      0.29460000E+02      0.17243800E+03
      0.20679000E+03      0.29390000E+02      0.17233800E+03
      0.20877000E+03      0.29280000E+02      0.17227400E+03
      0.21074000E+03      0.29110000E+02      0.17219200E+03
      0.21274000E+03      0.29040000E+02      0.17207700E+03
      0.21470000E+03      0.28840000E+02      0.17202800E+03
      0.21672000E+03      0.28670000E+02      0.17193600E+03
      0.21872000E+03      0.28600000E+02      0.17185900E+03
      0.22069000E+03      0.28450000E+02      0.17177000E+03
      0.22283000E+03      0.28330000E+02      0.17170700E+03
      0.22469000E+03      0.28180000E+02      0.17166000E+03
      0.22669000E+03      0.28060000E+02      0.17159200E+03
      0.22869000E+03      0.27880000E+02      0.17159400E+03
      0.23068000E+03      0.27740000E+02      0.17157800E+03
      0.23267000E+03      0.27510000E+02      0.17161800E+03
      0.23466000E+03      0.27360000E+02      0.17164900E+03
      0.23666000E+03      0.27250000E+02      0.17170400E+03
      0.23862000E+03      0.26940000E+02      0.17166800E+03
      0.24061000E+03      0.26800000E+02      0.17157500E+03
      0.24260000E+03      0.26520000E+02      0.17158300E+03
      0.16090000E+03      0.16250000E+02      0.17572300E+03
      0.16288000E+03      0.16560000E+02      0.17563700E+03
      0.16488000E+03      0.16820000E+02      0.17556900E+03
      0.16686000E+03      0.17060000E+02      0.17548900E+03
      0.16888000E+03      0.17290000E+02      0.17542000E+03
      0.17084000E+03      0.17460000E+02      0.17532600E+03
      0.17284000E+03      0.17690000E+02      0.17519900E+03
      0.17484000E+03      0.17910000E+02      0.17508800E+03
      0.97950000E+02      0.64400000E+01      0.17830300E+03
      0.99850000E+02      0.68600000E+01      0.17813900E+03
      0.10188000E+03      0.71700000E+01      0.17798000E+03
      0.10383000E+03      0.74100000E+01      0.17781000E+03
      0.10579000E+03      0.78200000E+01      0.17771400E+03
      0.10744000E+03      0.81400000E+01      0.17767300E+03
      0.10975000E+03      0.85700000E+01      0.17768500E+03
      0.11173000E+03      0.88700000E+01      0.17765800E+03
      0.11367000E+03      0.92200000E+01      0.17765300E+03
      0.11564000E+03      0.96000000E+01      0.17762700E+03
      0.11761000E+03      0.99300000E+01      0.17761300E+03
      0.11956000E+03      0.10240000E+02      0.17760000E+03
      0.12155000E+03      0.10510000E+02      0.17755700E+03
      0.12352000E+03      0.10800000E+02      0.17750700E+03
      0.12548000E+03      0.11170000E+02      0.17743400E+03
      0.12747000E+03      0.11480000E+02      0.17732400E+03
      0.12945000E+03      0.11800000E+02      0.17722300E+03
      0.13143000E+03      0.12080000E+02      0.17713700E+03
      0.13338000E+03      0.12380000E+02      0.17701300E+03
      0.13536000E+03      0.12660000E+02      0.17694700E+03
      0.13736000E+03      0.12940000E+02      0.17680900E+03
      0.13934000E+03      0.13150000E+02      0.17672400E+03
      0.14132000E+03      0.13440000E+02      0.17658200E+03
      0.14331000E+03      0.13770000E+02      0.17646400E+03
      0.14529000E+03      0.14090000E+02      0.17634500E+03
      0.14715000E+03      0.14250000E+02      0.17631400E+03
      0.14912000E+03      0.14510000E+02      0.17623700E+03
      0.15103000E+03      0.14840000E+02      0.17615000E+03
      0.15304000E+03      0.15130000E+02      0.17606600E+03
      0.15490000E+03      0.15400000E+02      0.17591700E+03
      0.15695000E+03      0.15710000E+02      0.17586300E+03
      0.15895000E+03      0.15990000E+02      0.17579500E+03
      0.18093000E+03      0.18470000E+02      0.17480400E+03
      0.18291000E+03      0.18560000E+02      0.17475400E+03
      0.18491000E+03      0.18680000E+02      0.17465300E+03
      0.18697000E+03      0.18820000E+02      0.17450200E+03
      0.18893000E+03      0.18910000E+02      0.17447800E+03
      0.19088000E+03      0.19050000E+02      0.17442800E+03
      0.19288000E+03      0.19110000E+02      0.17443400E+03
      0.19487000E+03      0.19170000E+02      0.17442300E+03
      0.19688000E+03      0.19270000E+02      0.17438300E+03
      0.19889000E+03      0.19330000E+02      0.17434900E+03
      0.20088000E+03      0.19350000E+02      0.17424400E+03
      0.20288000E+03      0.19350000E+02      0.17420100E+03
      0.20487000E+03      0.19250000E+02      0.17418400E+03
      0.20689000E+03      0.19110000E+02      0.17417500E+03
      0.20887000E+03      0.18960000E+02      0.17412100E+03
      0.21084000E+03      0.18770000E+02      0.17410100E+03
      0.21282000E+03      0.18690000E+02      0.17404400E+03
      0.21483000E+03      0.18570000E+02      0.17403800E+03
      0.21682000E+03      0.18400000E+02      0.17396100E+03
      0.21881000E+03      0.18270000E+02      0.17392500E+03
      0.22076000E+03      0.18000000E+02      0.17384100E+03
      0.22276000E+03      0.17880000E+02      0.17377400E+03
      0.22476000E+03      0.17770000E+02      0.17370700E+03
      0.22676000E+03      0.17650000E+02      0.17364000E+03
      0.22876000E+03      0.17530000E+02      0.17357300E+03
      0.23073000E+03      0.17360000E+02      0.17363800E+03
      0.23273000E+03      0.17230000E+02      0.17356500E+03
      0.23472000E+03      0.17070000E+02      0.17355200E+03
      0.23669000E+03      0.16800000E+02      0.17363000E+03
      0.23868000E+03      0.16660000E+02      0.17350700E+03
      0.24066000E+03      0.16460000E+02      0.17345700E+03
      0.24267000E+03      0.16330000E+02      0.17349900E+03
      0.24466000E+03      0.16130000E+02      0.17353300E+03
      0.24657000E+03      0.15910000E+02      0.17357200E+03
      0.24852000E+03      0.15600000E+02      0.17351500E+03
      0.25049000E+03      0.15340000E+02      0.17359900E+03
      0.25246000E+03      0.14940000E+02      0.17364600E+03
      0.25442000E+03      0.14570000E+02      0.17365200E+03
      0.25637000E+03      0.14100000E+02      0.17367500E+03
      0.25832000E+03      0.13680000E+02      0.17374600E+03
      0.28184000E+03      0.90700000E+01      0.17383000E+03
      0.27990000E+03      0.95000000E+01      0.17387300E+03
      0.27792000E+03      0.98500000E+01      0.17382000E+03
      0.27594000E+03      0.10240000E+02      0.17379400E+03
      0.27398000E+03      0.10590000E+02      0.17381600E+03
      0.27204000E+03      0.11010000E+02      0.17381100E+03
      0.27006000E+03      0.11440000E+02      0.17375700E+03
      0.26813000E+03      0.11820000E+02      0.17376800E+03
      0.34407000E+03     -0.54700000E+01      0.17431000E+03
      0.34215000E+03     -0.49100000E+01      0.17433400E+03
      0.34019000E+03     -0.44800000E+01      0.17425800E+03
      0.33825000E+03     -0.40900000E+01      0.17424400E+03
      0.33631000E+03     -0.36200000E+01      0.17421000E+03
      0.33440000E+03     -0.31000000E+01      0.17419900E+03
      0.33255000E+03     -0.26400000E+01      0.17426800E+03
      0.33058000E+03     -0.21500000E+01      0.17425700E+03
      0.32861000E+03     -0.16500000E+01      0.17424700E+03
      0.32665000E+03     -0.11600000E+01      0.17423600E+03
      0.32468000E+03     -0.66000000E+00      0.17422500E+03
      0.32272000E+03     -0.22000000E+00      0.17417500E+03
      0.32082000E+03      0.31000000E+00      0.17416500E+03
      0.31889000E+03      0.91000000E+00      0.17413000E+03
      0.31696000E+03      0.13200000E+01      0.17409700E+03
      0.31514000E+03      0.18100000E+01      0.17412000E+03
      0.31326000E+03      0.22800000E+01      0.17409100E+03
      0.31112000E+03      0.27300000E+01      0.17409600E+03
      0.30911000E+03      0.31300000E+01      0.17408900E+03
      0.30723000E+03      0.35700000E+01      0.17405400E+03
      0.30531000E+03      0.40700000E+01      0.17399900E+03
      0.30334000E+03      0.45000000E+01      0.17394500E+03
      0.30136000E+03      0.49600000E+01      0.17394900E+03
      0.29943000E+03      0.53500000E+01      0.17396900E+03
      0.29746000E+03      0.58100000E+01      0.17397700E+03
      0.29554000E+03      0.63200000E+01      0.17394200E+03
      0.29361000E+03      0.67600000E+01      0.17389300E+03
      0.29161000E+03      0.71400000E+01      0.17391800E+03
      0.28967000E+03      0.75200000E+01      0.17387700E+03
      0.28774000E+03      0.79200000E+01      0.17386100E+03
      0.28573000E+03      0.82200000E+01      0.17386900E+03
      0.28376000E+03      0.86400000E+01      0.17385000E+03
      0.78340000E+02      0.12740000E+02      0.17733700E+03
      0.80100000E+02      0.13020000E+02      0.17730900E+03
      0.16101000E+03      0.26330000E+02      0.17371400E+03
      0.16300000E+03      0.26550000E+02      0.17361000E+03
      0.24459000E+03      0.26270000E+02      0.17163700E+03
      0.24653000E+03      0.26080000E+02      0.17166500E+03
      0.17692000E+03      0.18100000E+02      0.17496400E+03
      0.17890000E+03      0.18260000E+02      0.17488900E+03
      0.26032000E+03      0.13370000E+02      0.17373300E+03
      0.26224000E+03      0.12970000E+02      0.17370300E+03
      0.26612000E+03      0.12220000E+02      0.17375100E+03
      0.26418000E+03      0.12560000E+02      0.17375000E+03
      0.99360000E+02      0.17500000E+02      0.17614500E+03
      0.10034000E+03      0.17680000E+02      0.17609200E+03
      0.10127000E+03      0.17790000E+02      0.17604400E+03
      0.10220000E+03      0.17970000E+02      0.17590300E+03
