1980
1	11	9	13	15	0.0547967
2	9	7	13	15	0.014033400000000001
3	7	5	13	15	0.004841965
4	5	3	13	15	0.0022183000000000003
5	3	1	13	15	0.0011112750000000001
6	1	16	13	15	0.000611274
7	16	14	13	15	0.00040809
8	9	7	11	13	0.055167
9	7	5	11	13	0.0124154
10	5	3	11	13	0.004798015
11	3	1	11	13	0.00206989
12	1	16	11	13	0.001006413
13	16	14	11	13	0.000673277
14	14	12	11	13	0.00034927
15	7	3	11	15	0.02441335
16	3	16	11	15	0.0048996000000000005
17	16	12	11	15	0.00155193
18	12	8	11	15	0.0008095134999999999
19	8	4	11	15	0.000456331
20	4	31	11	15	0.000290645
21	7	5	9	11	0.04952705
22	5	3	9	11	0.012897249999999999
23	3	1	9	11	0.00473846
24	1	16	9	11	0.002184195
25	16	14	9	11	0.001163045
26	14	12	9	11	0.0006693915
27	12	10	9	11	0.000411639
28	5	1	9	13	0.02447725
29	1	14	9	13	0.0050466
30	14	10	9	13	0.00166793
31	6	2	9	13	0.00037664700000000003
32	2	29	9	13	0.000242439
33	3	14	9	15	0.01416585
34	14	8	9	15	0.002590625
35	8	2	9	15	0.0008685209999999999
36	5	3	7	9	0.0518347
37	3	1	7	9	0.01292385
38	1	16	7	9	0.00500646
39	16	14	7	9	0.0023047700000000003
40	14	12	7	9	0.0011340249999999999
41	12	10	7	9	0.000690286
42	10	8	7	9	0.0003993995
43	3	16	7	11	0.0251522
44	16	12	7	11	0.00544124
45	1	12	7	13	0.01447585
46	12	6	7	13	0.002676205
47	31	25	7	13	0.000494443
48	16	8	7	15	0.008800575
49	31	23	7	15	0.000780237
50	225	50	7	15	0.000309259
51	3	1	5	7	0.049727350000000003
52	1	16	5	7	0.01260075
53	16	14	5	7	0.004743799999999999
54	14	12	5	7	0.002162395
55	12	10	5	7	0.0011128800000000001
56	10	8	5	7	0.0005708849999999999
57	8	6	5	7	0.00039544
58	1	14	5	9	0.02457935
59	14	10	5	9	0.0050593700000000005
60	2	29	5	9	0.00044561300000000003
61	16	10	5	11	0.0144491
62	10	4	5	11	0.00290499
63	4	29	5	11	0.0009430420000000001
64	29	23	5	11	0.000350726
65	14	6	5	13	0.009266634999999999
66	29	21	5	13	0.000662411
67	21	30	5	13	0.000355279
68	12	2	5	15	0.00659595
69	2	23	5	15	0.0013130849999999999
70	23	30	5	15	0.0006539404999999999
71	1	16	3	5	0.0516983
72	16	14	3	5	0.012483250000000001
73	14	12	3	5	0.00461343
74	12	10	3	5	0.002055875
75	10	8	3	5	0.000957273
76	8	6	3	5	0.00067887
77	6	4	3	5	0.0004941295
78	16	12	3	7	0.0242463
79	12	8	3	7	0.004940470000000001
80	8	4	3	7	0.001741365
81	4	31	3	7	0.0008143254999999999
82	27	23	3	7	0.000369785
83	14	8	3	9	0.01397525
84	8	2	3	9	0.002791005
85	2	27	3	9	0.0009911454999999999
86	27	21	3	9	0.0005025655
87	32	26	3	9	0.00020888500000000002
88	12	4	3	11	0.009146080000000001
89	4	27	3	11	0.00181531
90	19	28	3	11	0.00032566699999999997
91	10	31	3	13	0.0066272
92	31	21	3	13	0.00150675
93	21	28	3	13	0.000647205
94	8	27	3	15	0.00542307
95	27	32	3	15	0.00132381
96	50	62	3	15	0.000177413
97	16	14	1	3	0.046877749999999996
98	14	12	1	3	0.0112674
99	12	10	1	3	0.00416628
100	10	8	1	3	0.0019673299999999998
101	8	6	1	3	0.001108045
102	6	4	1	3	0.0006538970000000001
103	4	2	1	3	0.0004042795
104	14	10	1	5	0.022306399999999997
105	10	6	1	5	0.00490058
106	6	2	1	5	0.001736825
107	2	29	1	5	0.0007968224999999999
108	29	25	1	5	0.000418829
109	21	17	1	5	0.00024107350000000002
110	12	6	1	7	0.01331825
111	6	31	1	7	0.00268156
112	31	25	1	7	0.000919846
113	25	19	1	7	0.0005518615
114	19	30	1	7	0.00025921699999999995
115	10	2	1	9	0.009168755
116	2	25	1	9	0.0018658350000000001
117	25	17	1	9	0.000793046
118	17	26	1	9	0.000496394
119	26	18	1	9	0.000230197
120	18	248	1	9	0.000216295
121	8	29	1	11	0.00665698
122	29	19	1	11	0.0014297
123	26	225	1	11	0.00028008600000000003
124	52	62	1	11	0.0001317025
125	62	55	1	11	0.000124511
126	6	25	1	13	0.00538794
127	25	30	1	13	0.001275655
128	30	18	1	13	0.0006273715
129	18	52	1	13	0.0003565275
130	52	64	1	13	0.0002072825
131	64	59	1	13	0.00014136299999999998
132	4	21	1	15	0.0042818249999999995
133	21	24	1	15	0.0010271500000000001
134	24	248	1	15	0.00044330649999999993
135	62	59	1	15	0.00021949600000000001
136	42	39	1	15	9.562629999999999e-05
137	14	12	16	1	0.04450825
138	12	10	16	1	0.01064445
139	10	8	16	1	0.004209835
140	8	6	16	1	0.00205381
141	6	4	16	1	0.001086325
142	4	2	16	1	0.0005887535
143	12	8	16	3	0.02118175
144	8	4	16	3	0.004984685
145	4	31	16	3	0.00172333
146	10	4	16	5	0.01333495
147	4	29	16	5	0.0027859699999999996
148	29	23	16	5	0.0009260885
149	23	17	16	5	0.00046272999999999996
150	22	225	16	5	0.0001679085
151	8	31	16	7	0.009257925
152	31	23	16	7	0.00184817
153	23	32	16	7	0.0007207100000000001
154	24	225	16	7	0.000263
155	6	27	16	9	0.00660872
156	27	17	16	9	0.001476755
157	17	24	16	9	0.0007350665
158	226	54	16	9	0.000308872
159	4	23	16	11	0.00526855
160	23	28	16	11	0.001371325
161	49	61	16	11	0.0002111955
162	2	19	16	13	0.00423557
163	19	22	16	13	0.0010292255
164	50	64	16	13	0.00037223599999999996
165	61	44	16	13	2.80821e-05
166	31	32	16	15	0.00367793
167	32	225	16	15	0.0010888
168	225	58	16	15	0.00042347200000000004
169	12	10	14	16	0.04174875
170	10	8	14	16	0.0109284
171	8	6	14	16	0.004473305
172	6	4	14	16	0.00211433
173	4	2	14	16	0.0010593949999999999
174	2	31	14	16	0.0006775374999999999
175	31	29	14	16	0.000388346
176	10	6	14	1	0.02199065
177	6	2	14	1	0.005037665
178	2	29	14	1	0.001729265
179	29	25	14	1	0.000887259
180	8	2	14	3	0.01359695
181	2	27	14	3	0.002789895
182	27	21	14	3	0.0009180785000000001
183	21	32	14	3	0.000482694
184	6	29	14	5	0.009193775000000001
185	29	21	14	5	0.0018342599999999999
186	21	30	14	5	0.0006865365
187	52	60	14	5	0.00012091199999999998
188	4	25	14	7	0.00663509
189	25	32	14	7	0.001429335
190	32	22	14	7	0.000749897
191	2	21	14	9	0.0052546550000000004
192	21	26	14	9	0.00129071
193	26	226	14	9	0.000598586
194	31	17	14	11	0.00423897
195	17	20	14	11	0.0011433250000000002
196	63	46	14	11	5.752285e-05
197	29	30	14	13	0.00388178
198	30	226	14	13	0.0011053299999999999
199	27	26	14	15	0.003049575
200	10	8	12	14	0.04445790000000001
201	8	6	12	14	0.01175565
202	6	4	12	14	0.00451632
203	4	2	12	14	0.002207275
204	2	31	12	14	0.0011319350000000001
205	31	29	12	14	0.0006531775
206	29	27	12	14	0.0003918395
207	8	4	12	16	0.022974349999999998
208	4	31	12	16	0.00509724
209	31	27	12	16	0.00168903
210	27	23	12	16	0.0008138785
211	6	31	12	1	0.0138421
212	31	25	12	1	0.00270909
213	25	19	12	1	0.0009609594999999999
214	19	30	12	1	0.0005065225
215	24	18	12	1	0.000149575
216	4	27	12	3	0.009381225
217	27	19	12	3	0.001758225
218	28	20	12	3	0.000366124
219	2	23	12	5	0.006593805
220	23	30	12	5	0.00146747
221	30	20	12	5	0.000590857
222	58	51	12	5	0.00011555849999999999
223	31	19	12	7	0.00508838
224	19	24	12	7	0.0012306449999999998
225	29	32	12	9	0.00413176
226	18	54	12	9	0.00046346099999999997
227	27	28	12	11	0.0036712100000000003
228	61	46	12	11	0.0002087265
229	25	24	12	13	0.00315255
230	52	53	12	13	0.0005904635
231	23	20	12	15	0.00291239
232	20	58	12	15	0.0009652045000000001
233	8	6	10	12	0.042710349999999994
234	6	4	10	12	0.010607749999999999
235	4	2	10	12	0.0042264550000000005
236	2	31	10	12	0.0020266299999999998
237	31	29	10	12	0.0010379299999999998
238	6	2	10	14	0.0215363
239	2	29	10	14	0.004820415
240	29	25	10	14	0.00165481
241	25	21	10	14	0.000761854
242	21	17	10	14	0.0002977185
243	4	29	10	16	0.0133443
244	29	23	10	16	0.00265065
245	23	17	10	16	0.0009666194999999999
246	2	25	10	1	0.00899406
247	25	17	10	1	0.001872115
248	17	26	10	1	0.000675313
249	26	18	10	1	0.000389974
250	31	21	10	3	0.00651214
251	21	28	10	3	0.00135496
252	28	18	10	3	0.000655883
253	60	53	10	3	0.000190275
254	29	17	10	5	0.005035065
255	17	22	10	5	0.0012313900000000002
256	22	248	10	5	0.000565126
257	248	60	10	5	0.00035962500000000003
258	27	30	10	7	0.004166235
259	30	225	10	7	0.00109065
260	225	56	10	7	0.0004937190000000001
261	25	26	10	9	0.003565895
262	248	64	10	9	0.0003787075
263	23	22	10	11	0.003261305
264	21	18	10	13	0.00293968
265	19	226	10	15	0.00260785
266	6	4	8	10	0.04254645
267	4	2	8	10	0.01074875
268	2	31	8	10	0.00422576
269	31	29	8	10	0.0019061150000000001
270	27	25	8	10	0.0006421365
271	25	23	8	10	0.000332319
272	4	31	8	12	0.02119505
273	31	27	8	12	0.004520455
274	27	23	8	12	0.001571215
275	23	19	8	12	0.0006944105000000001
276	19	32	8	12	0.00034955
277	28	24	8	12	0.00010882700000000001
278	2	27	8	14	0.013020050000000002
279	27	21	8	14	0.002615785
280	21	32	8	14	0.000970495
281	32	26	8	14	0.0004986475
282	31	23	8	16	0.00848478
283	23	32	8	16	0.001770285
284	29	19	8	1	0.00639362
285	19	26	8	1	0.0013924900000000001
286	26	225	8	1	0.0006056385000000001
287	225	52	8	1	0.000385654
288	62	55	8	1	0.000181374
289	27	32	8	3	0.004737715
290	20	50	8	3	0.000473482
291	50	62	8	3	0.0002315605
292	25	28	8	5	0.0039735099999999995
293	58	55	8	5	0.00022224100000000003
294	23	24	8	7	0.003436835
295	24	50	8	7	0.0009558435
296	21	20	8	9	0.003054625
297	20	56	8	9	0.0009333340000000001
298	19	225	8	11	0.00291301
299	225	62	8	11	0.001059172
300	17	249	8	13	0.00291485
301	51	42	8	13	0.0005683940000000001
302	32	50	8	15	0.0026816
303	50	57	8	15	0.0008985204999999999
304	4	2	6	8	0.04599640000000001
305	2	31	6	8	0.01178125
306	31	29	6	8	0.004333625000000001
307	29	27	6	8	0.00198673
308	27	25	6	8	0.0009546
309	25	23	6	8	0.0005444320000000001
310	23	21	6	8	0.0003643
311	2	29	6	10	0.022162949999999997
312	29	25	6	10	0.004607675
313	25	21	6	10	0.001565145
314	21	17	6	10	0.0007153715
315	26	22	6	10	0.00016789449999999998
316	31	25	6	12	0.01280235
317	25	19	6	12	0.002483015
318	19	30	6	12	0.0009782525
319	24	18	6	12	0.00033166449999999997
320	18	249	6	12	0.00024629649999999997
321	29	21	6	14	0.00850037
322	21	30	6	14	0.00179101
323	30	22	6	14	0.0007515244999999999
324	52	60	6	14	0.00015373250000000002
325	27	17	6	16	0.006124595
326	17	24	6	16	0.00138358
327	24	226	6	16	0.0006386935
328	64	57	6	16	0.0001389755
329	25	30	6	1	0.00479611
330	18	52	6	1	0.0006153425
331	52	64	6	1	0.0002428445
332	64	59	6	1	0.000166145
333	23	26	6	3	0.004114845000000001
334	26	249	6	3	0.0010725315
335	21	22	6	5	0.0035788449999999998
336	22	52	6	5	0.0009482290000000001
337	52	51	6	5	0.000559238
338	51	36	6	5	0.0003085885
339	36	35	6	5	0.000170061
340	19	18	6	7	0.003161765
341	17	226	6	9	0.00296311
342	32	248	6	11	0.0027147350000000002
343	248	53	6	11	0.0007878970000000001
344	53	44	6	11	0.0003817635
345	30	52	6	13	0.00252514
346	28	56	6	15	0.00218994
347	2	31	4	6	0.04644205
348	31	29	4	6	0.010953
349	29	27	4	6	0.00419741
350	27	25	4	6	0.001901815
351	25	23	4	6	0.000892971
352	23	21	4	6	0.0006094555
353	21	19	4	6	0.0003864205
354	31	27	4	8	0.0215551
355	27	23	4	8	0.00463786
356	23	19	4	8	0.00158805
357	19	32	4	8	0.0006981585
358	32	28	4	8	0.000379515
359	28	24	4	8	0.000329931
360	29	23	4	10	0.0124452
361	23	17	4	10	0.002459605
362	17	28	4	10	0.0008904329999999999
363	28	22	4	10	0.000449759
364	248	54	4	10	6.12927e-05
365	27	19	4	12	0.00823496
366	19	28	4	12	0.001727
367	28	20	4	12	0.000691096
368	249	54	4	12	0.00026940899999999997
369	25	32	4	14	0.00610697
370	32	22	4	14	0.001472075
371	22	249	4	14	0.000615027
372	249	56	4	14	0.00035597099999999996
373	49	59	4	14	0.000124026
374	59	38	4	14	0.000150709
375	23	28	4	16	0.00494133
376	28	225	4	16	0.001161185
377	21	24	4	1	0.003922695
378	24	248	4	1	0.0010050725
379	248	62	4	1	0.00037736
380	19	20	4	3	0.003412145
381	54	53	4	3	0.00045585799999999996
382	17	225	4	5	0.0032035650000000002
383	225	60	4	5	0.0009468075
384	61	48	4	5	0.0003599705
385	32	249	4	7	0.00302642
386	249	49	4	7	0.000769524
387	30	50	4	9	0.00266352
388	28	54	4	11	0.00231163
389	26	58	4	13	0.002465385
390	58	36	4	13	0.0008275540000000001
391	24	62	4	15	0.002334755
392	31	29	2	4	0.04331385
393	29	27	2	4	0.01078385
394	27	25	2	4	0.004171035
395	25	23	2	4	0.0017934399999999999
396	23	21	2	4	0.00102136
397	19	17	2	4	0.00033451
398	29	25	2	6	0.020981899999999998
399	25	21	2	6	0.00435184
400	21	17	2	6	0.0015792
401	17	30	2	6	0.0007625395
402	30	26	2	6	0.00035638650000000005
403	27	21	2	8	0.01234915
404	21	32	2	8	0.0024905400000000003
405	20	226	2	8	0.00019134050000000003
406	25	17	2	10	0.00819143
407	17	26	2	10	0.001781485
408	26	18	2	10	0.0007293040000000001
409	18	248	2	10	0.0003722205
410	248	56	2	10	0.00021584300000000001
411	56	64	2	10	0.00012339799999999999
412	23	30	2	12	0.00619061
413	30	20	2	12	0.001352745
414	20	248	2	12	0.0006625280000000001
415	248	58	2	12	0.0002474715
416	21	26	2	14	0.004782015000000001
417	26	226	2	14	0.00131891
418	226	56	2	14	0.00041163699999999996
419	56	51	2	14	0.0002214055
420	44	39	2	14	5.8839949999999996e-05
421	19	22	2	16	0.00396466
422	22	50	2	16	0.00102439
423	64	61	2	16	0.0002369375
424	17	18	2	1	0.003445475
425	18	56	2	1	0.0008935284999999999
426	32	226	2	3	0.0034182149999999996
427	226	62	2	3	0.000820332
428	62	63	2	3	0.0003795245
429	30	248	2	5	0.0029666149999999997
430	248	51	2	5	0.0007722775
431	51	40	2	5	0.00039121399999999997
432	40	43	2	5	0.00020814949999999998
433	28	52	2	7	0.0027667250000000003
434	52	57	2	7	0.0009162115000000001
435	26	56	2	9	0.002432665
436	56	63	2	9	0.000771466
437	63	39	2	9	0.00036476399999999995
438	24	60	2	11	0.0023708
439	60	38	2	11	0.0007302529999999999
440	22	64	2	13	0.002371485
441	20	51	2	15	0.0025324049999999997
442	29	27	31	2	0.0441051
443	27	25	31	2	0.01096425
444	25	23	31	2	0.003851355
445	23	21	31	2	0.001999165
446	21	19	31	2	0.00105229
447	19	17	31	2	0.000619975
448	17	32	31	2	0.000379017
449	27	23	31	4	0.020748549999999998
450	23	19	31	4	0.004658675
451	19	32	31	4	0.0015427050000000001
452	32	28	31	4	0.0007896119999999999
453	20	225	31	4	0.00023830799999999998
454	25	19	31	6	0.012277650000000001
455	19	30	31	6	0.00255149
456	30	24	31	6	0.0009148089999999999
457	24	18	31	6	0.0004939515
458	23	32	31	8	0.00849333
459	32	24	31	8	0.001873675
460	24	225	31	8	0.0007354109999999999
461	225	50	31	8	0.00034239350000000003
462	58	49	31	8	0.00014710899999999998
463	21	28	31	10	0.006201245
464	28	18	31	10	0.001325295
465	18	50	31	10	0.0005749345
466	50	60	31	10	0.000262032
467	19	24	31	12	0.005016425
468	24	249	31	12	0.0010684775000000001
469	249	58	31	12	0.000570905
470	58	53	31	12	0.0002884915
471	17	20	31	14	0.004029965
472	20	52	31	14	0.001150755
473	49	63	31	14	0.00029470950000000005
474	63	46	31	14	0.000128285
475	46	43	31	14	0.000108451
476	32	225	31	16	0.00383174
477	225	58	31	16	0.0009398080000000001
478	58	57	31	16	0.00045542149999999997
479	30	249	31	1	0.003165185
480	249	64	31	1	0.000848753
481	28	50	31	3	0.0028069
482	50	53	31	3	0.0007326889999999999
483	53	42	31	3	0.00038610649999999995
484	26	54	31	5	0.002642285
485	59	33	31	5	0.000416077
486	24	58	31	7	0.0025079250000000003
487	58	34	31	7	0.0009155365
488	34	41	31	7	0.0004084835
489	22	62	31	9	0.002290275
490	20	49	31	11	0.0022751000000000004
491	225	57	31	15	0.00206672
492	27	25	29	31	0.04219825000000001
493	25	23	29	31	0.009759735
494	23	21	29	31	0.00418116
495	21	19	29	31	0.001921345
496	19	17	29	31	0.0009933335
497	17	32	29	31	0.000542371
498	32	30	29	31	0.00045236699999999996
499	25	21	29	2	0.019909
500	21	17	29	2	0.00459322
501	17	30	29	2	0.0016027699999999999
502	30	26	29	2	0.0007680285
503	22	18	29	2	0.000272199
504	23	17	29	4	0.01265925
505	17	28	29	4	0.00260692
506	28	22	29	4	0.000907621
507	22	225	29	4	0.000441654
508	225	248	29	4	0.000298464
509	21	30	29	6	0.008428660000000001
510	30	22	29	6	0.001833355
511	22	226	29	6	0.0007607525
512	226	52	29	6	0.000357579
513	60	51	29	6	0.00020875750000000002
514	19	26	29	8	0.00616152
515	26	225	29	8	0.001356375
516	225	52	29	8	0.000582111
517	52	62	29	8	0.00032353950000000003
518	55	34	29	8	0.000172193
519	17	22	29	10	0.0050253350000000006
520	22	248	29	10	0.00118254
521	248	60	29	10	0.000527324
522	60	55	29	10	0.000283011
523	32	18	29	12	0.004330855
524	18	54	29	12	0.0009926705
525	30	226	29	14	0.003531925
526	226	60	29	14	0.0008540065
527	59	44	29	14	0.0002343225
528	28	248	29	16	0.0031708250000000004
529	248	49	29	16	0.0009335999999999999
530	26	52	29	1	0.002765885
531	52	55	29	1	0.0006667575
532	24	56	29	3	0.002516585
533	56	61	29	3	0.0006733615000000001
534	22	60	29	5	0.0024297249999999998
535	64	42	29	7	0.0007208415
536	18	51	29	9	0.0024206749999999997
537	51	48	29	9	0.0007400335
538	225	55	29	11	0.0019998200000000002
539	226	59	29	13	0.001927435
540	249	63	29	15	0.002173955
541	25	23	27	29	0.0386419
542	23	21	27	29	0.010912700000000001
543	21	19	27	29	0.00419166
544	19	17	27	29	0.0017995350000000001
545	23	19	27	31	0.020969799999999997
546	19	32	27	31	0.00437473
547	32	28	27	31	0.0017680600000000001
548	28	24	27	31	0.000714266
549	225	249	27	31	0.0001513935
550	21	32	27	2	0.012395300000000001
551	32	26	27	2	0.00289885
552	26	20	27	2	0.0009722019999999999
553	56	62	27	2	0.000125898
554	19	28	27	4	0.008350685
555	28	20	27	4	0.001824975
556	20	249	27	4	0.0007333645
557	249	54	27	4	0.000372786
558	53	61	27	4	0.000213359
559	17	24	27	6	0.006424515
560	24	226	27	6	0.00149683
561	226	54	27	6	0.0006913255000000001
562	32	20	27	8	0.00529866
563	62	57	27	8	0.0003462745
564	30	225	27	10	0.00402282
565	225	56	27	10	0.0011533300000000002
566	28	249	27	12	0.0034798
567	249	62	27	12	0.0008944545
568	62	61	27	12	0.00046411900000000003
569	46	45	27	12	0.00015220350000000001
570	26	50	27	14	0.0029654399999999997
571	50	51	27	14	0.0009068430000000001
572	24	54	27	16	0.002748005
573	54	57	27	16	0.0007896509999999999
574	22	58	27	1	0.0025932050000000003
575	20	62	27	3	0.002704975
576	18	49	27	5	0.0025607299999999998
577	225	53	27	7	0.00229052
578	226	57	27	9	0.00226019
579	249	61	27	11	0.002194485
580	248	34	27	13	0.00205805
581	50	38	27	15	0.001881535
582	23	21	25	27	0.0479848
583	21	19	25	27	0.011141100000000001
584	19	17	25	27	0.004084595
585	17	32	25	27	0.00187152
586	32	30	25	27	0.0012805
587	30	28	25	27	0.0006220875
588	28	26	25	27	0.0004450595
589	21	17	25	29	0.021335550000000002
590	17	30	25	29	0.004796275
591	30	26	25	29	0.0017952150000000002
592	26	22	25	29	0.00075222
593	19	30	25	31	0.0127534
594	30	24	25	31	0.0027820350000000004
595	24	18	25	31	0.000911955
596	18	249	25	31	0.0005452655
597	17	26	25	2	0.00896562
598	26	18	25	2	0.001814235
599	248	56	25	2	0.00037730749999999996
600	55	63	25	2	8.84142e-05
601	32	22	25	4	0.006942775
602	22	249	25	4	0.00140773
603	249	56	25	4	0.000648315
604	59	38	25	4	0.00022571750000000002
605	30	18	25	6	0.005230695
606	18	52	25	6	0.001226885
607	52	64	25	6	0.000592724
608	28	226	25	8	0.00427751
609	226	58	25	8	0.0011510449999999998
610	58	55	25	8	0.0005341359999999999
611	55	38	25	8	0.00027564600000000005
612	26	248	25	10	0.003590165
613	64	63	25	10	0.000531991
614	24	52	25	12	0.00306054
615	22	56	25	14	0.0028350650000000003
616	56	59	25	14	0.000883354
617	59	48	25	14	0.0003662235
618	20	60	25	16	0.002573925
619	18	64	25	1	0.00234841
620	225	51	25	3	0.0023453099999999998
621	226	55	25	5	0.002125955
622	55	35	25	5	0.000625827
623	249	59	25	7	0.002080265
624	59	41	25	7	0.00064359
625	248	63	25	9	0.0017606800000000001
626	50	36	25	11	0.00204114
627	52	40	25	13	0.00216171
628	54	44	25	15	0.00232131
629	21	19	23	25	0.04000185
630	19	17	23	25	0.009805905
631	17	32	23	25	0.003791005
632	32	30	23	25	0.002284515
633	30	28	23	25	0.00112499
634	28	26	23	25	0.0006515565
635	26	24	23	25	0.000353707
636	19	32	23	27	0.019762500000000002
637	32	28	23	27	0.0052362350000000005
638	28	24	23	27	0.0016760949999999998
639	24	20	23	27	0.0007421940000000001
640	17	28	23	29	0.0129
641	28	22	23	29	0.00266527
642	22	225	23	29	0.000943874
643	225	248	23	29	0.00044077149999999997
644	32	24	23	31	0.009547985
645	24	225	23	31	0.0017203549999999998
646	225	50	23	31	0.0007489485
647	58	49	23	31	0.00022452749999999998
648	57	34	23	31	0.00012544649999999999
649	30	20	23	2	0.006453095
650	20	248	23	2	0.001471005
651	28	225	23	4	0.0050079949999999995
652	225	54	23	4	0.001244595
653	54	49	23	4	0.0005648635
654	49	61	23	4	0.0003914635
655	26	249	23	6	0.004033775
656	249	60	23	6	0.0010026885
657	24	50	23	8	0.00342287
658	49	34	23	8	0.0004203605
659	22	54	23	10	0.0031560449999999997
660	54	55	23	10	0.0008878465
661	20	58	23	12	0.0028347900000000002
662	58	61	23	12	0.0009777225
663	18	62	23	14	0.002616125
664	62	36	23	14	0.000808424
665	225	49	23	16	0.0025454500000000003
666	49	42	23	16	0.000881361
667	226	53	23	1	0.00233107
668	53	48	23	1	0.000774598
669	249	57	23	3	0.002344325
670	57	37	23	3	0.000689219
671	248	61	23	5	0.00234949
672	50	34	23	7	0.00205478
673	54	42	23	11	0.002218485
674	56	46	23	13	0.00171337
675	58	33	23	15	0.001588615
676	19	17	21	23	0.037662650000000006
677	17	32	21	23	0.0103719
678	32	30	21	23	0.00539182
679	30	28	21	23	0.00240182
680	28	26	21	23	0.001207365
681	26	24	21	23	0.0006347505
682	24	22	21	23	0.0003961775
683	17	30	21	25	0.02187115
684	30	26	21	25	0.005198835000000001
685	26	22	21	25	0.00164444
686	22	18	21	25	0.0007389854999999999
687	18	226	21	25	0.00038142250000000003
688	32	26	21	27	0.01539505
689	26	20	21	27	0.002517845
690	20	226	21	27	0.0009304764999999999
691	226	50	21	27	0.000459903
692	56	62	21	27	0.00011722849999999999
693	30	22	21	29	0.00929642
694	22	226	21	29	0.00173647
695	226	52	21	29	0.000665984
696	52	60	21	29	0.0003297725
697	28	18	21	31	0.006488875
698	18	50	21	31	0.00133298
699	26	226	21	2	0.00490393
700	226	56	21	2	0.0011667700000000001
701	56	51	21	2	0.000509972
702	44	39	21	2	9.60088e-05
703	24	248	21	4	0.004031765
704	248	62	21	4	0.000993463
705	62	59	21	4	0.0005574365000000001
706	42	39	21	4	0.000194969
707	22	52	21	6	0.003443685
708	52	51	21	6	0.0010721124999999998
709	51	36	21	6	0.0004313225
710	36	35	21	6	0.00024715749999999997
711	20	56	21	8	0.00314359
712	56	57	21	8	0.0010076245
713	57	44	21	8	0.0005621115000000001
714	44	45	21	8	0.000317255
715	18	60	21	10	0.00287527
716	225	64	21	12	0.00254185
717	64	38	21	12	0.0007488684999999999
718	38	43	21	12	0.00021504
719	226	51	21	14	0.0026148300000000003
720	249	55	21	16	0.0023186
721	248	59	21	1	0.0023408500000000002
722	59	39	21	1	0.0007654490000000001
723	50	63	21	3	0.00224165
724	63	45	21	3	0.0007824115
725	52	36	21	5	0.0019320149999999998
726	54	40	21	7	0.0020336399999999998
727	56	44	21	9	0.001838585
728	58	48	21	11	0.0020834599999999997
729	60	35	21	13	0.00219075
730	17	32	19	21	0.03922945
731	32	30	19	21	0.0139671
732	30	28	19	21	0.00512726
733	28	26	19	21	0.00227779
734	26	24	19	21	0.0011004
735	24	22	19	21	0.0005560055
736	22	20	19	21	0.00033929649999999995
737	32	28	19	23	0.0267263
738	28	24	19	23	0.00521838
739	24	20	19	23	0.00163103
740	20	225	19	23	0.000776311
741	225	249	19	23	0.0003558945
742	30	24	19	25	0.014670700000000002
743	24	18	19	25	0.00255024
744	18	249	19	25	0.0009461129999999999
745	249	52	19	25	0.00038383250000000003
746	58	64	19	25	0.0001641285
747	28	20	19	27	0.009313120000000001
748	20	249	19	27	0.001747455
749	249	54	19	27	0.000665637
750	54	62	19	27	0.000401621
751	26	225	19	29	0.006179695
752	225	52	19	29	0.0014002049999999999
753	52	62	19	29	0.0006024699999999999
754	55	34	19	29	0.00017180100000000002
755	34	44	19	29	0.000120595
756	44	37	19	29	3.109975e-05
757	24	249	19	31	0.0047681
758	249	58	19	31	0.0011534750000000002
759	53	34	19	31	0.00022000849999999998
760	22	50	19	2	0.0039875
761	44	41	19	2	9.710600000000002e-05
762	20	54	19	4	0.0034688899999999996
763	54	53	19	4	0.0010533299999999999
764	53	38	19	4	0.0004318165
765	18	58	19	6	0.00308721
766	58	59	19	6	0.0009056485000000001
767	59	46	19	6	0.00034142799999999996
768	225	62	19	8	0.002873325
769	62	34	19	8	0.000830219
770	226	49	19	10	0.00254176
771	249	53	19	12	0.002466755
772	248	57	19	14	0.002489145
773	50	61	19	16	0.0023120650000000003
774	54	38	19	3	0.0021875849999999997
775	56	42	19	5	0.0021894
776	62	37	19	11	0.0021449
777	64	41	19	13	0.0017202150000000002
778	32	30	17	19	0.04811095
779	30	28	17	19	0.01248945
780	28	26	17	19	0.004741169999999999
781	26	24	17	19	0.001962465
782	24	22	17	19	0.0009922205
783	20	18	17	19	0.000313281
784	30	26	17	21	0.024728600000000003
785	26	22	17	21	0.004622275
786	22	18	17	21	0.001553385
787	18	226	17	21	0.000693387
788	226	248	17	21	0.0003849025
789	248	52	17	21	0.00020509549999999998
790	28	22	17	23	0.01386565
791	22	225	17	23	0.0024779199999999998
792	225	248	17	23	0.0009122945
793	248	54	17	23	0.000486868
794	54	60	17	23	0.00028240100000000005
795	60	49	17	23	0.00018673099999999998
796	26	18	17	25	0.00853419
797	18	248	17	25	0.0017834349999999999
798	248	56	17	25	0.0006979754999999999
799	56	64	17	25	0.0003606625
800	24	226	17	27	0.00623727
801	226	54	17	27	0.00139047
802	54	64	17	27	0.0006566725
803	36	46	17	27	0.00013974649999999998
804	22	248	17	29	0.0047302
805	248	60	17	29	0.00116981
806	55	36	17	29	0.00031656450000000004
807	20	52	17	31	0.00411773
808	52	49	17	31	0.001034305
809	49	63	17	31	0.000441766
810	18	56	17	2	0.003383335
811	55	40	17	2	0.000512455
812	225	60	17	4	0.003007485
813	226	64	17	6	0.0028802050000000003
814	249	51	17	8	0.0026436149999999998
815	51	42	17	8	0.0009307025
816	248	55	17	10	0.00261333
817	52	63	17	14	0.00229729
818	56	40	17	1	0.00223195
819	58	44	17	3	0.002029055
820	60	48	17	5	0.0019756950000000004
821	64	39	17	9	0.00181043
822	49	43	17	11	0.001765245
823	51	47	17	13	0.00172648
824	30	28	32	17	0.0438975
825	28	26	32	17	0.0119082
826	26	24	32	17	0.00411883
827	24	22	32	17	0.001855065
828	22	20	32	17	0.0008496670000000001
829	20	18	32	17	0.0005045085
830	18	225	32	17	0.00028672050000000003
831	28	24	32	19	0.022558750000000002
832	24	20	32	19	0.00422237
833	20	225	32	19	0.001418765
834	225	249	32	19	0.000608222
835	249	50	32	19	0.000315374
836	54	58	32	19	0.000184855
837	26	20	32	21	0.0123072
838	20	226	32	21	0.0023889899999999997
839	226	50	32	21	0.000830906
840	50	56	32	21	0.000415784
841	62	51	32	21	0.0002028265
842	24	225	32	23	0.008018959999999999
843	225	50	32	23	0.001651545
844	58	49	32	23	0.0003281345
845	22	249	32	25	0.0058496699999999995
846	249	56	32	25	0.00132155
847	56	49	32	25	0.0005324095
848	48	41	32	25	8.4082e-05
849	20	50	32	27	0.00457743
850	50	62	32	27	0.001101995
851	62	57	32	27	0.000497569
852	18	54	32	29	0.003777255
853	54	51	32	29	0.0010420199999999998
854	225	58	32	31	0.0034268700000000003
855	58	57	32	31	0.0009412380000000001
856	226	62	32	2	0.0029668949999999998
857	62	63	32	2	0.000875831
858	63	33	32	2	0.00044886000000000004
859	249	49	32	4	0.00275574
860	49	38	32	4	0.0008223995
861	248	53	32	6	0.0024635250000000003
862	50	57	32	8	0.002493735
863	52	61	32	10	0.00209248
864	61	39	32	10	0.000592331
865	54	34	32	12	0.0021093500000000003
866	34	45	32	12	0.0005467180000000001
867	56	38	32	14	0.00241845
868	58	42	32	16	0.00206121
869	62	33	32	3	0.00200951
870	64	37	32	5	0.00192545
871	49	41	32	7	0.00184063
872	28	26	30	32	0.05028895
873	26	24	30	32	0.0120046
874	24	22	30	32	0.004566519999999999
875	22	20	30	32	0.00190443
876	20	18	30	32	0.00108782
877	18	225	30	32	0.0005843585
878	225	226	30	32	0.000363909
879	26	22	30	17	0.0225839
880	22	18	30	17	0.004405155
881	18	226	30	17	0.0014681
882	226	248	30	17	0.000660328
883	248	52	30	17	0.00042801799999999995
884	52	56	30	17	0.0002689115
885	56	60	30	17	0.00018467899999999998
886	24	18	30	19	0.01276965
887	18	249	30	19	0.0023103200000000003
888	249	52	30	19	0.0008007044999999999
889	22	226	30	21	0.008031195
890	226	52	30	21	0.001598155
891	52	60	30	21	0.0006685725
892	60	51	30	21	0.00040524699999999996
893	59	36	30	21	0.000154218
894	20	248	30	23	0.006031875
895	248	58	30	23	0.001272695
896	58	51	30	23	0.000543407
897	51	61	30	23	0.0003064565
898	18	52	30	25	0.004616275
899	52	64	30	25	0.001195945
900	64	59	30	25	0.000515372
901	59	40	30	25	0.00026788249999999995
902	225	56	30	27	0.004048785
903	56	53	30	27	0.001014797
904	53	36	30	27	0.000449574
905	33	47	30	27	0.000427284
906	226	60	30	29	0.00322051
907	60	59	30	29	0.00110238
908	249	64	30	31	0.00286167
909	64	34	30	31	0.000785472
910	248	51	30	2	0.002863865
911	51	40	30	2	0.0008783815000000001
912	50	55	30	4	0.002703815
913	55	46	30	4	0.001003915
914	52	59	30	6	0.0026142
915	59	35	30	6	0.0007448915000000001
916	63	41	30	8	0.000675443
917	56	36	30	10	0.002088095
918	58	40	30	12	0.002051905
919	60	44	30	14	0.002292845
920	62	48	30	16	0.0024164449999999997
921	64	35	30	1	0.00200788
922	51	43	30	5	0.001808655
923	53	47	30	7	0.0018404200000000002
924	26	24	28	30	0.04401325
925	24	22	28	30	0.01208615
926	22	20	28	30	0.00427052
927	20	18	28	30	0.0020487049999999996
928	18	225	28	30	0.000971703
929	225	226	28	30	0.0005697784999999999
930	24	20	28	32	0.02291705
931	20	225	28	32	0.004758745
932	225	249	28	32	0.001600105
933	249	50	28	32	0.0006446565
934	54	58	28	32	0.00028949149999999996
935	22	225	28	17	0.0125235
936	225	248	28	17	0.0022606550000000003
937	248	54	28	17	0.000810271
938	55	61	28	17	0.00012578
939	20	249	28	19	0.0083723
940	249	54	28	19	0.00161946
941	54	62	28	19	0.0006990665
942	62	53	28	19	0.0003553055
943	18	50	28	21	0.00546521
944	50	60	28	21	0.0012440049999999999
945	60	53	28	21	0.0005816020000000001
946	53	63	28	21	0.0003178945
947	63	42	28	21	0.00011265
948	225	54	28	23	0.0044678800000000005
949	54	49	28	23	0.00120733
950	49	61	28	23	0.0005571129999999999
951	226	58	28	25	0.00370035
952	58	55	28	25	0.00107491
953	55	38	28	25	0.00039967400000000004
954	249	62	28	27	0.00330694
955	62	61	28	27	0.0009382995
956	248	49	28	29	0.00311326
957	49	36	28	29	0.0009922315
958	50	53	28	31	0.002790015
959	53	42	28	31	0.0007796915000000001
960	52	57	28	2	0.002785025
961	54	61	28	4	0.00222739
962	61	37	28	4	0.0006531880000000001
963	56	34	28	6	0.002414295
964	58	38	28	8	0.0021053950000000004
965	60	42	28	10	0.002280045
966	62	46	28	12	0.00185694
967	64	33	28	14	0.00215266
968	53	45	28	3	0.00197652
969	24	22	26	28	0.04980075
970	22	20	26	28	0.0124823
971	20	18	26	28	0.0051933199999999995
972	18	225	26	28	0.0021446800000000004
973	225	226	26	28	0.0010729350000000001
974	226	249	26	28	0.0006298325
975	249	248	26	28	0.000352975
976	22	18	26	30	0.02408435
977	18	226	26	30	0.004829375
978	226	248	26	30	0.001502055
979	248	52	26	30	0.0006946535000000001
980	20	226	26	32	0.014139450000000001
981	226	50	26	32	0.0024062
982	50	56	26	32	0.0008683230000000001
983	56	62	26	32	0.000416081
984	18	248	26	17	0.008424765
985	248	56	26	17	0.00164921
986	56	64	26	17	0.0006876295000000001
987	64	55	26	17	0.00035491
988	55	63	26	17	0.000248253
989	225	52	26	19	0.00604921
990	52	62	26	19	0.001354835
991	62	55	26	19	0.000618777
992	55	34	26	19	0.0003318285
993	34	44	26	19	0.00021580550000000002
994	226	56	26	21	0.004617325
995	56	51	26	21	0.001207415
996	249	60	26	23	0.0036880800000000003
997	60	57	26	23	0.0009216485000000001
998	248	64	26	25	0.003197755
999	64	63	26	25	0.0008910855
1000	63	48	26	25	0.000269937
1001	50	51	26	27	0.00310999
1002	51	38	26	27	0.000913762
1003	52	55	26	29	0.00278126
1004	55	44	26	29	0.0008885225
1005	54	59	26	31	0.00269051
1006	59	33	26	31	0.0008660935
1007	56	63	26	2	0.00258421
1008	63	39	26	2	0.000795962
1009	58	36	26	4	0.002499775
1010	60	40	26	6	0.002105875
1011	62	44	26	8	0.002397865
1012	64	48	26	10	0.00242594
1013	49	35	26	12	0.002213655
1014	51	39	26	14	0.001939235
1015	22	20	24	26	0.0439725
1016	20	18	24	26	0.0134475
1017	18	225	24	26	0.004809525
1018	225	226	24	26	0.00213165
1019	226	249	24	26	0.0011003900000000001
1020	249	248	24	26	0.0005569425
1021	248	50	24	26	0.00035726400000000004
1022	20	225	24	28	0.025647549999999998
1023	225	249	24	28	0.00486466
1024	249	50	24	28	0.00148514
1025	50	54	24	28	0.00069815
1026	58	62	24	28	0.0002688095
1027	18	249	24	30	0.0137012
1028	249	52	24	30	0.00234329
1029	52	58	24	30	0.0009229189999999999
1030	58	64	24	30	0.0004114915
1031	64	53	24	30	0.000255936
1032	53	59	24	30	0.0001960885
1033	59	34	24	30	0.000111642
1034	225	50	24	32	0.00862133
1035	50	58	24	32	0.001724865
1036	58	49	24	32	0.0007094765000000001
1037	49	57	24	32	0.0004273575
1038	226	54	24	17	0.005910775
1039	54	64	24	17	0.001339745
1040	64	57	24	17	0.0005136505
1041	36	46	24	17	0.00023342350000000003
1042	249	58	24	19	0.004548989999999999
1043	58	53	24	19	0.001045735
1044	248	62	24	21	0.00382921
1045	62	59	24	21	0.0010497205
1046	42	39	24	21	0.0001930225
1047	50	49	24	23	0.0033181749999999996
1048	34	33	24	23	0.0005697155
1049	52	53	24	25	0.0031040950000000003
1050	53	40	24	25	0.0009405045
1051	54	57	24	27	0.00259354
1052	57	46	24	27	0.001103245
1053	56	61	24	29	0.0025287449999999998
1054	61	35	24	29	0.000775967
1055	58	34	24	31	0.0024747450000000004
1056	60	38	24	2	0.002322785
1057	62	42	24	4	0.002474595
1058	49	33	24	8	0.0021771050000000004
1059	55	45	24	14	0.002009465
1060	20	18	22	24	0.058120649999999996
1061	18	225	22	24	0.0141502
1062	225	226	22	24	0.005263835
1063	226	249	22	24	0.00224301
1064	249	248	22	24	0.0010696999999999998
1065	248	50	22	24	0.0005812020000000001
1066	50	52	22	24	0.00034224
1067	18	226	22	26	0.026363900000000003
1068	226	248	22	26	0.00492991
1069	248	52	22	26	0.0015762900000000002
1070	52	56	22	26	0.0006730970000000001
1071	56	60	22	26	0.000374558
1072	64	51	22	26	9.07379e-05
1073	225	248	22	28	0.014380800000000001
1074	248	54	22	28	0.00255529
1075	54	60	22	28	0.000969571
1076	60	49	22	28	0.000512447
1077	49	55	22	28	0.00031748400000000004
1078	55	61	22	28	0.00025935
1079	226	52	22	30	0.008833559999999999
1080	52	60	22	30	0.001725215
1081	60	51	22	30	0.0008287825000000001
1082	249	56	22	32	0.006204495
1083	56	49	22	32	0.00138221
1084	49	59	22	32	0.000587801
1085	59	38	22	32	0.0003569315
1086	248	60	22	17	0.0047608500000000005
1087	60	55	22	17	0.00107691
1088	50	64	22	19	0.003829965
1089	64	61	22	19	0.000955043
1090	52	51	22	21	0.00354587
1091	51	36	22	21	0.00098847
1092	54	55	22	23	0.003148705
1093	55	42	22	23	0.0008868945
1094	56	59	22	25	0.0028519549999999998
1095	59	48	22	25	0.0007961355
1096	58	63	22	27	0.002694205
1097	63	37	22	27	0.000603006
1098	60	36	22	29	0.002627425
1099	36	43	22	29	0.0007073209999999999
1100	62	40	22	31	0.002483945
1101	64	44	22	2	0.0021343
1102	51	35	22	6	0.001953355
1103	53	39	22	8	0.0019043349999999998
1104	55	43	22	10	0.001938035
1105	57	47	22	12	0.00160917
1106	18	225	20	22	0.0488628
1107	225	226	20	22	0.01323425
1108	226	249	20	22	0.00478014
1109	249	248	20	22	0.00204447
1110	248	50	20	22	0.001137425
1111	50	52	20	22	0.0005980455
1112	52	54	20	22	0.00035564399999999996
1113	225	249	20	24	0.025655700000000004
1114	249	50	20	24	0.00481585
1115	50	54	20	24	0.001549445
1116	54	58	20	24	0.0006922250000000001
1117	58	62	20	24	0.000361931
1118	62	49	20	24	0.0002442165
1119	226	50	20	26	0.01379045
1120	50	56	20	26	0.0024053950000000003
1121	56	62	20	26	0.0008791580000000001
1122	62	51	20	26	0.00042472150000000004
1123	249	54	20	28	0.008534884999999999
1124	54	62	20	28	0.00164613
1125	62	53	20	28	0.000641558
1126	53	61	20	28	0.0003773535
1127	248	58	20	30	0.006088425
1128	58	51	20	30	0.001315
1129	51	61	20	30	0.000622893
1130	40	33	20	30	0.000206786
1131	50	62	20	32	0.004756155
1132	62	57	20	32	0.00126809
1133	57	38	20	32	0.0006088294999999999
1134	38	33	20	32	0.00042418450000000004
1135	52	49	20	17	0.00390948
1136	49	63	20	17	0.0009980944999999999
1137	63	46	20	17	0.0004291665
1138	54	53	20	19	0.0034721449999999994
1139	53	38	20	19	0.0009840535
1140	56	57	20	21	0.00315934
1141	58	61	20	23	0.002968435
1142	60	34	20	25	0.002343385
1143	34	39	20	25	0.0006659000000000001
1144	62	38	20	27	0.0022776949999999997
1145	38	45	20	27	0.000416889
1146	64	42	20	29	0.0025464750000000003
1147	49	46	20	31	0.0023028750000000002
1148	51	33	20	2	0.00209963
1149	53	37	20	4	0.00197688
1150	55	41	20	6	0.0021050599999999997
1151	57	45	20	8	0.0018339749999999998
1152	225	226	18	20	0.05626735
1153	226	249	18	20	0.01439155
1154	249	248	18	20	0.005135095
1155	248	50	18	20	0.00242051
1156	50	52	18	20	0.00115572
1157	52	54	18	20	0.000652353
1158	54	56	18	20	0.00039126950000000003
1159	226	248	18	22	0.026234300000000002
1160	248	52	18	22	0.00519915
1161	52	56	18	22	0.0017022
1162	56	60	18	22	0.000725099
1163	51	55	18	22	0.0002052855
1164	249	52	18	24	0.014371050000000002
1165	52	58	18	24	0.00267281
1166	58	64	18	24	0.000945148
1167	34	40	18	24	0.0001149225
1168	248	56	18	26	0.009164755
1169	56	64	18	26	0.001713735
1170	64	55	18	26	0.0006741024999999999
1171	55	63	18	26	0.0003772925
1172	63	40	18	26	0.00020993850000000002
1173	50	60	18	28	0.0061789
1174	60	53	18	28	0.00139619
1175	53	63	18	28	0.0005271275
1176	52	64	18	30	0.004849145
1177	64	59	18	30	0.0012567400000000001
1178	54	51	18	32	0.004079705
1179	51	34	18	32	0.0010984005
1180	56	55	18	17	0.00339135
1181	55	40	18	17	0.0009619435
1182	58	59	18	19	0.003082095
1183	59	46	18	19	0.0007836399999999999
1184	60	63	18	21	0.0029355299999999996
1185	62	36	18	23	0.002703165
1186	36	41	18	23	0.000731125
1187	64	40	18	25	0.002480675
1188	40	47	18	25	0.0007082835
1189	49	44	18	27	0.002220335
1190	51	48	18	29	0.0024902550000000002
1191	53	35	18	31	0.002298095
1192	55	39	18	2	0.00216105
1193	226	249	225	18	0.0494536
1194	249	248	225	18	0.012529100000000001
1195	248	50	225	18	0.005049975
1196	50	52	225	18	0.00208807
1197	52	54	225	18	0.001041775
1198	54	56	225	18	0.0005653825000000001
1199	249	50	225	20	0.02499365
1200	50	54	225	20	0.004883335000000001
1201	54	58	225	20	0.00155972
1202	58	62	225	20	0.0007620694999999999
1203	62	49	225	20	0.0004172375
1204	49	53	225	20	0.000223077
1205	248	54	225	22	0.0144952
1206	54	60	225	22	0.0024946350000000003
1207	60	49	225	22	0.001057325
1208	49	55	225	22	0.000531063
1209	61	36	225	22	0.00022432650000000001
1210	50	58	225	24	0.0089038
1211	58	49	225	24	0.0017575450000000001
1212	49	57	225	24	0.0007344350000000001
1213	57	34	225	24	0.00030911900000000006
1214	52	62	225	26	0.006231055
1215	62	55	225	26	0.001454435
1216	55	34	225	26	0.0005848884999999999
1217	54	49	225	28	0.00488141
1218	49	61	225	28	0.001170575
1219	61	42	225	28	0.000486832
1220	42	37	225	28	0.000221075
1221	56	53	225	30	0.003998
1222	53	36	225	30	0.0009395079999999999
1223	36	33	225	30	0.000287334
1224	58	57	225	32	0.003551235
1225	60	61	225	17	0.00342358
1226	61	48	225	17	0.0008431875
1227	62	34	225	19	0.00299729
1228	64	38	225	21	0.00276782
1229	49	42	225	23	0.00244856
1230	51	46	225	25	0.00211262
1231	53	33	225	27	0.002179655
1232	55	37	225	29	0.002225375
1233	57	41	225	31	0.002225155
1234	59	45	225	2	0.0018855299999999998
1235	249	248	226	225	0.04991875
1236	248	50	226	225	0.013949
1237	50	52	226	225	0.004796524999999999
1238	52	54	226	225	0.002220075
1239	54	56	226	225	0.0010433655
1240	56	58	226	225	0.0006052754999999999
1241	58	60	226	225	0.00036524150000000004
1242	248	52	226	18	0.025817749999999997
1243	52	56	226	18	0.004912695
1244	56	60	226	18	0.00152535
1245	60	64	226	18	0.0007208380000000001
1246	64	51	226	18	0.0004426955
1247	51	55	226	18	0.000311547
1248	55	59	226	18	0.0002092825
1249	50	56	226	20	0.0140799
1250	56	62	226	20	0.0025376549999999998
1251	62	51	226	20	0.0009618879999999999
1252	51	57	226	20	0.0005226465
1253	63	38	226	20	0.00021004999999999998
1254	52	60	226	22	0.008922235
1255	60	51	226	22	0.00187264
1256	51	59	226	22	0.000755466
1257	59	36	226	22	0.0004178365
1258	54	64	226	24	0.006338775
1259	64	57	226	24	0.00140388
1260	57	36	226	24	0.0005794595
1261	46	39	226	24	0.00037091049999999997
1262	56	51	226	26	0.004898055
1263	51	63	226	26	0.001162055
1264	63	44	226	26	0.000443977
1265	44	39	226	26	0.0002903145
1266	58	55	226	28	0.00407798
1267	55	38	226	28	0.0009637665
1268	38	35	226	28	0.000548448
1269	60	59	226	30	0.003763775
1270	44	43	226	30	0.0004953819999999999
1271	62	63	226	32	0.00323999
1272	63	33	226	32	0.0009308464999999999
1273	64	36	226	17	0.0028450050000000003
1274	36	39	226	17	0.000904106
1275	49	40	226	19	0.00285145
1276	51	44	226	21	0.00268263
1277	53	48	226	23	0.0024477149999999996
1278	55	35	226	25	0.002131615
1279	57	39	226	27	0.00212958
1280	59	43	226	29	0.0019977500000000004
1281	61	47	226	31	0.002021165
1282	248	50	249	226	0.0584257
1283	50	52	249	226	0.01387845
1284	52	54	249	226	0.0053440350000000005
1285	54	56	249	226	0.00226131
1286	56	58	249	226	0.001090795
1287	58	60	249	226	0.000662915
1288	50	54	249	225	0.0261549
1289	54	58	249	225	0.00497032
1290	58	62	249	225	0.00164767
1291	62	49	249	225	0.0007168515000000001
1292	49	53	249	225	0.0004184995
1293	53	57	249	225	0.0002446905
1294	57	61	249	225	0.00022203499999999998
1295	52	58	249	18	0.0145704
1296	58	64	249	18	0.002542315
1297	64	53	249	18	0.0009217534999999999
1298	34	40	249	18	0.000156794
1299	54	62	249	20	0.00888032
1300	62	53	249	20	0.001774055
1301	53	61	249	20	0.0007387845
1302	61	38	249	20	0.0002578385
1303	56	49	249	22	0.00626154
1304	49	59	249	22	0.001452935
1305	59	38	249	22	0.0006577785
1306	38	48	249	22	0.0002477415
1307	58	53	249	24	0.004886935
1308	53	34	249	24	0.001158
1309	46	41	249	24	0.00018642799999999998
1310	60	57	249	26	0.00407864
1311	57	40	249	26	0.0009505690000000001
1312	62	61	249	28	0.0036126149999999996
1313	61	46	249	28	0.000925971
1314	64	34	249	30	0.0032907100000000005
1315	49	38	249	32	0.002910785
1316	51	42	249	17	0.00263473
1317	53	46	249	19	0.00223823
1318	55	33	249	21	0.00248768
1319	57	37	249	23	0.002202545
1320	59	41	249	25	0.002326695
1321	61	45	249	27	0.00230112
1322	50	52	248	249	0.051567049999999996
1323	52	54	248	249	0.013738400000000001
1324	54	56	248	249	0.004820605
1325	56	58	248	249	0.0021732649999999997
1326	58	60	248	249	0.001022365
1327	60	62	248	249	0.0005731015
1328	52	56	248	226	0.02615905
1329	56	60	248	226	0.004907415
1330	60	64	248	226	0.0015974399999999999
1331	64	51	248	226	0.0007430984999999999
1332	51	55	248	226	0.00037034650000000003
1333	54	60	248	225	0.0139807
1334	60	49	248	225	0.002727135
1335	49	55	248	225	0.0009695845
1336	56	64	248	18	0.00888301
1337	64	55	248	18	0.0017080749999999999
1338	55	63	248	18	0.0005939560000000001
1339	58	51	248	20	0.00633389
1340	51	61	248	20	0.001497635
1341	60	55	248	22	0.004960030000000001
1342	55	36	248	22	0.001167315
1343	36	48	248	22	0.00046624199999999996
1344	62	59	248	24	0.0041998750000000005
1345	59	42	248	24	0.00108032
1346	64	63	248	26	0.003604735
1347	49	36	248	28	0.00321385
1348	51	40	248	30	0.002927885
1349	53	44	248	32	0.002753125
1350	55	48	248	17	0.0026150849999999996
1351	59	39	248	21	0.0023591899999999997
1352	61	43	248	23	0.0022591599999999996
1353	52	54	50	248	0.06264855
1354	54	56	50	248	0.01434355
1355	56	58	50	248	0.00538538
1356	58	60	50	248	0.0023180650000000002
1357	60	62	50	248	0.00114648
1358	62	64	50	248	0.0006538519999999999
1359	64	49	50	248	0.000414785
1360	54	58	50	249	0.026679049999999996
1361	58	62	50	249	0.0051598600000000005
1362	62	49	50	249	0.001720785
1363	49	53	50	249	0.0007528665
1364	53	57	50	249	0.0003380425
1365	61	34	50	249	0.000192848
1366	56	62	50	226	0.01466265
1367	62	51	50	226	0.0027562949999999998
1368	51	57	50	226	0.000949687
1369	57	63	50	226	0.00039484700000000004
1370	58	49	50	225	0.009202894999999999
1371	49	57	50	225	0.001812145
1372	57	34	50	225	0.0006478090000000001
1373	60	53	50	18	0.00667737
1374	53	63	50	18	0.001369845
1375	63	42	50	18	0.000544326
1376	42	35	50	18	0.0003527775
1377	35	45	50	18	0.0002356555
1378	62	57	50	20	0.005117335
1379	64	61	50	22	0.004033755
1380	61	44	50	22	0.00089137
1381	49	34	50	24	0.003481685
1382	51	38	50	26	0.003145595
1383	53	42	50	28	0.0027464
1384	55	46	50	30	0.002691045
1385	57	33	50	32	0.002432745
1386	63	45	50	21	0.0022293
1387	54	56	52	50	0.0503864
1388	56	58	52	50	0.0131214
1389	58	60	52	50	0.00475905
1390	60	62	52	50	0.00223542
1391	62	64	52	50	0.00107789
1392	64	49	52	50	0.000649916
1393	49	51	52	50	0.000398214
1394	56	60	52	248	0.025373899999999998
1395	60	64	52	248	0.00521208
1396	64	51	52	248	0.001714975
1397	51	55	52	248	0.000747616
1398	58	64	52	249	0.014200400000000002
1399	64	53	52	249	0.0027296150000000003
1400	53	59	52	249	0.000996975
1401	59	34	52	249	0.0004644955
1402	34	40	52	249	0.000318288
1403	40	46	52	249	0.0002289245
1404	46	35	52	249	0.000117515
1405	60	51	52	226	0.009374525
1406	51	59	52	226	0.001782045
1407	59	36	52	226	0.0006913234999999999
1408	62	55	52	225	0.006574115
1409	55	34	52	225	0.00142381
1410	34	44	52	225	0.000556575
1411	44	37	52	225	0.00031796499999999997
1412	64	59	52	18	0.00506894
1413	59	40	52	18	0.001090315
1414	40	35	52	18	0.000571076
1415	35	47	52	18	0.00030491700000000004
1416	49	63	52	20	0.00408621
1417	63	46	52	20	0.000925286
1418	51	36	52	22	0.00343744
1419	36	35	52	22	0.0008899605
1420	53	40	52	24	0.00316072
1421	40	41	52	24	0.0010035415
1422	55	44	52	26	0.00296936
1423	57	48	52	28	0.00255396
1424	59	35	52	30	0.0024424900000000003
1425	61	39	52	32	0.002351335
1426	63	43	52	17	0.002370675
1427	34	47	52	19	0.0021192750000000003
1428	56	58	54	52	0.051611149999999995
1429	58	60	54	52	0.0126204
1430	60	62	54	52	0.00493091
1431	62	64	54	52	0.002240575
1432	64	49	54	52	0.00112962
1433	49	51	54	52	0.0006668195000000001
1434	51	53	54	52	0.000335728
1435	58	62	54	50	0.0243238
1436	62	49	54	50	0.0052745150000000005
1437	49	53	54	50	0.00172732
1438	53	57	54	50	0.0007810815
1439	61	34	54	50	0.00025935600000000003
1440	60	49	54	248	0.0146072
1441	49	55	54	248	0.0027617099999999997
1442	55	61	54	248	0.0010358875
1443	61	36	54	248	0.0005209665
1444	62	53	54	249	0.009390929999999999
1445	53	61	54	249	0.00188245
1446	46	37	54	249	0.0002349865
1447	64	57	54	226	0.0065298249999999995
1448	57	36	54	226	0.00139438
1449	36	46	54	226	0.0005935045
1450	49	61	54	225	0.0050449150000000005
1451	61	42	54	225	0.0011925249999999998
1452	51	34	54	18	0.00415155
1453	53	38	54	20	0.00350683
1454	55	42	54	22	0.0031198750000000003
1455	42	43	54	22	0.0009768584999999999
1456	57	46	54	24	0.003022045
1457	59	33	54	26	0.0026785
1458	61	37	54	28	0.0024784100000000003
1459	63	41	54	30	0.0023596
1460	34	45	54	32	0.002282435
1461	58	60	56	54	0.0502167
1462	60	62	56	54	0.013129499999999999
1463	62	64	56	54	0.00486724
1464	64	49	56	54	0.002298505
1465	49	51	56	54	0.001173495
1466	51	53	56	54	0.0006462085000000001
1467	53	55	56	54	0.00036775899999999995
1468	60	64	56	52	0.02525395
1469	64	51	56	52	0.00528584
1470	51	55	56	52	0.0017125999999999999
1471	55	59	56	52	0.0007826504999999999
1472	59	63	56	52	0.000426831
1473	62	51	56	50	0.01462115
1474	51	57	56	50	0.0026966250000000002
1475	57	63	56	50	0.0009403515
1476	63	38	56	50	0.0004648175
1477	64	55	56	248	0.009443855000000001
1478	55	63	56	248	0.001875545
1479	63	40	56	248	0.0007693335
1480	40	48	56	248	0.00041187099999999996
1481	49	59	56	249	0.006583425
1482	59	38	56	249	0.0014159049999999999
1483	51	63	56	226	0.004902435
1484	63	44	56	226	0.00113985
1485	44	39	56	226	0.0004979045
1486	53	36	56	225	0.00410242
1487	36	33	56	225	0.0010134935
1488	33	47	56	225	0.000549276
1489	55	40	56	18	0.00355529
1490	57	44	56	20	0.00321663
1491	44	45	56	20	0.000921122
1492	59	48	56	22	0.002858855
1493	61	35	56	24	0.002723805
1494	63	39	56	26	0.00254845
1495	34	43	56	28	0.0023753050000000003
1496	36	47	56	30	0.00233604
1497	60	62	58	56	0.049159
1498	62	64	58	56	0.012438850000000001
1499	64	49	58	56	0.004934414999999999
1500	49	51	58	56	0.002237355
1501	51	53	58	56	0.0011037199999999999
1502	53	55	58	56	0.0006391715
1503	55	57	58	56	0.0003722685
1504	62	49	58	54	0.0245048
1505	49	53	58	54	0.005138205
1506	53	57	58	54	0.0016181
1507	57	61	58	54	0.000757478
1508	61	34	58	54	0.0004337495
1509	34	38	58	54	0.0002071685
1510	38	42	58	54	0.00021921149999999998
1511	64	53	58	52	0.014671950000000001
1512	53	59	58	52	0.002620065
1513	59	34	58	52	0.000942752
1514	34	40	58	52	0.0005218095
1515	40	46	58	52	0.000215775
1516	49	57	58	50	0.009313680000000001
1517	57	34	58	50	0.00179738
1518	34	42	58	50	0.000625888
1519	51	61	58	248	0.006385460000000001
1520	61	40	58	248	0.0014120349999999999
1521	53	34	58	249	0.004886835
1522	34	46	58	249	0.001225985
1523	55	38	58	226	0.00414165
1524	38	35	58	226	0.0010851699999999999
1525	57	42	58	225	0.0034786
1526	42	41	58	225	0.00090022
1527	59	46	58	18	0.0031207350000000003
1528	46	47	58	18	0.0008828535
1529	61	33	58	20	0.0029563949999999997
1530	63	37	58	22	0.0026501600000000004
1531	34	41	58	24	0.0025262550000000003
1532	36	45	58	26	0.00238007
1533	62	64	60	58	0.04996805
1534	64	49	60	58	0.01343015
1535	49	51	60	58	0.00517572
1536	51	53	60	58	0.00227778
1537	53	55	60	58	0.0010701399999999998
1538	55	57	60	58	0.000577046
1539	64	51	60	56	0.02574705
1540	51	55	60	56	0.005153405
1541	55	59	60	56	0.001722575
1542	59	63	60	56	0.0007450065
1543	63	36	60	56	0.000297851
1544	49	55	60	54	0.01473695
1545	55	61	60	54	0.002749815
1546	61	36	60	54	0.0009327420000000001
1547	36	42	60	54	0.0004305725
1548	51	59	60	52	0.00920328
1549	59	36	60	52	0.00180221
1550	36	44	60	52	0.0006889435
1551	44	35	60	52	0.000349233
1552	53	63	60	50	0.00653022
1553	63	42	60	50	0.0014048250000000002
1554	42	35	60	50	0.0005251359999999999
1555	35	45	60	50	0.00026814849999999996
1556	55	36	60	248	0.00504648
1557	36	48	60	248	0.001251325
1558	57	40	60	249	0.00406561
1559	40	37	60	249	0.001071265
1560	59	44	60	226	0.003362215
1561	44	43	60	226	0.0009319069999999999
1562	61	48	60	225	0.00320261
1563	63	35	60	18	0.002773855
1564	34	39	60	20	0.0026642000000000002
1565	36	43	60	22	0.00262177
1566	64	49	62	60	0.05316115
1567	49	51	62	60	0.0141235
1568	51	53	62	60	0.005380174999999999
1569	53	55	62	60	0.002246265
1570	55	57	62	60	0.001256685
1571	57	59	62	60	0.0007882715
1572	59	61	62	60	0.00044446000000000004
1573	49	53	62	58	0.027013750000000003
1574	53	57	62	58	0.005304415
1575	57	61	62	58	0.001876555
1576	61	34	62	58	0.000820695
1577	38	42	62	58	0.00032439100000000005
1578	51	57	62	56	0.01493825
1579	57	63	62	56	0.00279175
1580	63	38	62	56	0.000932246
1581	44	33	62	56	0.00032209700000000003
1582	53	61	62	54	0.009451794999999999
1583	61	38	62	54	0.00174528
1584	38	46	62	54	0.0007606695
1585	55	34	62	52	0.006852655
1586	34	44	62	52	0.0014546049999999999
1587	44	37	62	52	0.0005223745
1588	37	47	62	52	0.0002101575
1589	57	38	62	50	0.005250195
1590	59	42	62	248	0.00404798
1591	42	39	62	248	0.0008584300000000001
1592	61	46	62	249	0.0034454200000000003
1593	46	45	62	249	0.000752393
1594	63	33	62	226	0.003114245
1595	34	37	62	225	0.00295952
1596	36	41	62	18	0.00265973
1597	38	45	62	20	0.00242823
1598	49	51	64	62	0.0530782
1599	51	53	64	62	0.0141415
1600	53	55	64	62	0.0050369149999999994
1601	55	57	64	62	0.0024913649999999997
1602	57	59	64	62	0.0012437
1603	59	61	64	62	0.0007017194999999999
1604	61	63	64	62	0.000418735
1605	51	55	64	60	0.0267871
1606	55	59	64	60	0.005726149999999999
1607	59	63	64	60	0.00176162
1608	63	36	64	60	0.0007510889999999999
1609	40	44	64	60	0.0002747465
1610	53	59	64	58	0.01518645
1611	59	34	64	58	0.002821865
1612	34	40	64	58	0.00105252
1613	40	46	64	58	0.0005391384999999999
1614	55	63	64	56	0.009974895000000001
1615	63	40	64	56	0.001796545
1616	40	48	64	56	0.0006605415
1617	48	39	64	56	0.0003447455
1618	57	36	64	54	0.006892225
1619	36	46	64	54	0.0014514950000000001
1620	59	40	64	52	0.005062695000000001
1621	40	35	64	52	0.0011431100000000001
1622	35	47	64	52	0.000450822
1623	61	44	64	50	0.004227750000000001
1624	63	48	64	248	0.003566625
1625	34	35	64	249	0.00333637
1626	36	39	64	226	0.0031869100000000003
1627	38	43	64	225	0.002728365
1628	40	47	64	18	0.002588855
1629	51	53	49	64	0.05232905
1630	53	55	49	64	0.012915099999999999
1631	55	57	49	64	0.005581040000000001
1632	57	59	49	64	0.002614695
1633	59	61	49	64	0.001203195
1634	61	63	49	64	0.0007352445000000001
1635	63	34	49	64	0.000403681
1636	53	57	49	62	0.025944250000000002
1637	57	61	49	62	0.00580369
1638	61	34	49	62	0.00176728
1639	34	38	49	62	0.0007393755000000001
1640	55	61	49	60	0.016260249999999997
1641	61	36	49	60	0.00285244
1642	36	42	49	60	0.001072075
1643	57	34	49	58	0.01030025
1644	34	42	49	58	0.00194718
1645	42	33	49	58	0.000542144
1646	59	38	49	56	0.0068059850000000005
1647	38	48	49	56	0.00140172
1648	48	41	49	56	0.0006767094999999999
1649	61	42	49	54	0.005278410000000001
1650	42	37	49	54	0.00118121
1651	63	46	49	52	0.00417687
1652	46	43	49	52	0.0010465415
1653	34	33	49	50	0.00378294
1654	36	37	49	248	0.003280145
1655	38	41	49	249	0.00327021
1656	40	45	49	226	0.0028952500000000003
1657	53	55	51	49	0.0433276
1658	55	57	51	49	0.013349699999999999
1659	57	59	51	49	0.00547145
1660	59	61	51	49	0.0023233150000000003
1661	61	63	51	49	0.0011522400000000001
1662	63	34	51	49	0.000672544
1663	34	36	51	49	0.000381452
1664	55	59	51	64	0.02693095
1665	59	63	51	64	0.005474804999999999
1666	63	36	51	64	0.001773145
1667	36	40	51	64	0.0008497575
1668	40	44	51	64	0.000478292
1669	44	48	51	64	0.0001888235
1670	48	35	51	64	0.00013771950000000002
1671	57	63	51	62	0.01592445
1672	63	38	51	62	0.0027778250000000003
1673	44	33	51	62	0.000425949
1674	33	39	51	62	0.000257204
1675	59	36	51	60	0.009744225
1676	36	44	51	60	0.0020024500000000002
1677	61	40	51	58	0.007009245
1678	40	33	51	58	0.001555795
1679	63	44	51	56	0.00536705
1680	44	39	51	56	0.0011904749999999999
1681	34	48	51	54	0.004309985
1682	36	35	51	52	0.0039022099999999997
1683	38	39	51	50	0.00332729
1684	40	43	51	248	0.002930855
1685	55	57	53	51	0.05128845
1686	57	59	53	51	0.0142299
1687	59	61	53	51	0.005145745
1688	61	63	53	51	0.00233775
1689	63	34	53	51	0.001121775
1690	34	36	53	51	0.0006307655000000001
1691	57	61	53	49	0.02702255
1692	61	34	53	49	0.005328955
1693	34	38	53	49	0.0017745249999999999
1694	38	42	53	49	0.0008822655000000001
1695	46	33	53	49	0.000186408
1696	33	37	53	49	0.00026135000000000004
1697	59	34	53	64	0.01506555
1698	34	40	53	64	0.00290318
1699	40	46	53	64	0.0011216149999999999
1700	46	35	53	64	0.0004380495
1701	61	38	53	62	0.009609085
1702	38	46	53	62	0.00224261
1703	37	45	53	62	0.000327764
1704	63	42	53	60	0.00686839
1705	42	35	53	60	0.0013856250000000001
1706	34	46	53	58	0.005391435
1707	46	41	53	58	0.0011007
1708	36	33	53	56	0.0043919300000000005
1709	33	47	53	56	0.0011551600000000001
1710	38	37	53	54	0.0037908250000000003
1711	42	45	53	50	0.002651215
1712	57	59	55	53	0.05160914999999999
1713	59	61	55	53	0.012632850000000001
1714	61	63	55	53	0.00489121
1715	63	34	55	53	0.002121635
1716	34	36	55	53	0.00117273
1717	36	38	55	53	0.0006027644999999999
1718	38	40	55	53	0.0003880505
1719	59	63	55	51	0.025085200000000002
1720	63	36	55	51	0.005015915
1721	36	40	55	51	0.0017283799999999998
1722	40	44	55	51	0.0008746485
1723	35	39	55	51	0.000256155
1724	61	36	55	49	0.014686999999999999
1725	36	42	55	49	0.002942005
1726	42	48	55	49	0.0009321195
1727	48	37	55	49	0.000470355
1728	63	40	55	64	0.009273125
1729	40	48	55	64	0.0018913699999999999
1730	48	39	55	64	0.0007317225
1731	39	47	55	64	0.00028625250000000003
1732	34	44	55	62	0.006897075
1733	44	37	55	62	0.00144445
1734	37	47	55	62	0.00046355150000000004
1735	36	48	55	60	0.0056158200000000005
1736	48	43	55	60	0.001020755
1737	38	35	55	58	0.004643795
1738	40	39	55	56	0.0037186199999999997
1739	44	47	55	52	0.00298534
1740	59	61	57	55	0.047988050000000004
1741	61	63	57	55	0.01307045
1742	63	34	57	55	0.00475357
1743	34	36	57	55	0.002128525
1744	36	38	57	55	0.001052305
1745	38	40	57	55	0.0006914005
1746	40	42	57	55	0.000464096
1747	61	34	57	53	0.0249543
1748	34	38	57	53	0.004906495
1749	38	42	57	53	0.0018388900000000001
1750	42	46	57	53	0.0007296749999999999
1751	63	38	57	51	0.013887050000000001
1752	38	44	57	51	0.00289012
1753	44	33	57	51	0.0008309705000000001
1754	33	39	57	51	0.000519502
1755	34	42	57	49	0.009362675
1756	42	33	57	49	0.0017856600000000001
1757	33	41	57	49	0.0007366849999999999
1758	36	46	57	64	0.00696788
1759	46	39	57	64	0.001484005
1760	38	33	57	62	0.00559669
1761	33	45	57	62	0.0011682799999999998
1762	40	37	57	60	0.004442359999999999
1763	42	41	57	58	0.00377623
1764	44	45	57	56	0.0032681050000000003
1765	61	63	59	57	0.054901900000000003
1766	63	34	59	57	0.01313825
1767	34	36	59	57	0.00492623
1768	36	38	59	57	0.002244635
1769	38	40	59	57	0.00128327
1770	40	42	59	57	0.000745892
1771	42	44	59	57	0.00039194400000000003
1772	63	36	59	55	0.02484645
1773	36	40	59	55	0.00527326
1774	40	44	59	55	0.00191503
1775	35	39	59	55	0.00026457849999999997
1776	34	40	59	53	0.014671050000000001
1777	40	46	59	53	0.0029172599999999996
1778	46	35	59	53	0.0009754005000000001
1779	41	47	59	53	0.000277528
1780	36	44	59	51	0.0098063
1781	44	35	59	51	0.001890725
1782	38	48	59	49	0.007226745
1783	48	41	59	49	0.00142962
1784	40	35	59	64	0.0054329949999999995
1785	35	47	59	64	0.0011618700000000002
1786	42	39	59	62	0.004234285
1787	44	43	59	60	0.00397015
1788	46	47	59	58	0.003356595
1789	63	34	61	59	0.0462007
1790	34	36	61	59	0.0117422
1791	36	38	61	59	0.00455161
1792	38	40	61	59	0.002156975
1793	40	42	61	59	0.00112677
1794	42	44	61	59	0.0005645825000000001
1795	44	46	61	59	0.0003623935
1796	34	38	61	57	0.02351625
1797	38	42	61	57	0.00536385
1798	42	46	61	57	0.0016657
1799	46	33	61	57	0.000888893
1800	36	42	61	55	0.01434325
1801	42	48	61	55	0.00268393
1802	48	37	61	55	0.001032776
1803	38	46	61	53	0.009819475000000001
1804	37	45	61	53	0.0007039354999999999
1805	40	33	61	51	0.00694616
1806	33	43	61	51	0.001394345
1807	42	37	61	49	0.004926005000000001
1808	44	41	61	64	0.00419639
1809	46	45	61	62	0.00351059
1810	34	36	63	61	0.04783685
1811	36	38	63	61	0.012188
1812	38	40	63	61	0.004869935000000001
1813	40	42	63	61	0.002254645
1814	42	44	63	61	0.001100495
1815	44	46	63	61	0.00061315
1816	46	48	63	61	0.00040914149999999997
1817	36	40	63	59	0.02370945
1818	40	44	63	59	0.00517482
1819	44	48	63	59	0.001569925
1820	48	35	63	59	0.0007030325
1821	35	39	63	59	0.00034273500000000004
1822	38	44	63	57	0.014594099999999999
1823	44	33	63	57	0.00265578
1824	33	39	63	57	0.0008900640000000001
1825	39	45	63	57	0.0004010915
1826	40	48	63	55	0.0095911
1827	48	39	63	55	0.00159196
1828	39	47	63	55	0.0006046625
1829	42	35	63	53	0.006539645
1830	35	45	63	53	0.001235395
1831	44	39	63	51	0.00507464
1832	46	43	63	49	0.0043300100000000005
1833	48	47	63	64	0.00335761
1834	36	38	34	63	0.0493687
1835	38	40	34	63	0.0129111
1836	40	42	34	63	0.005094484999999999
1837	42	44	34	63	0.002186945
1838	44	46	34	63	0.001029017
1839	46	48	34	63	0.000615091
1840	48	33	34	63	0.00042829399999999996
1841	38	42	34	61	0.025303
1842	42	46	34	61	0.00500002
1843	46	33	34	61	0.0016088550000000002
1844	33	37	34	61	0.0007425785
1845	37	41	34	61	0.000465969
1846	41	45	34	61	0.000267491
1847	40	46	34	59	0.0144767
1848	46	35	34	59	0.00274621
1849	35	41	34	59	0.0008068865
1850	41	47	34	59	0.000435093
1851	42	33	34	57	0.009146675
1852	33	41	34	57	0.001629615
1853	44	37	34	55	0.006230995
1854	37	47	34	55	0.00116269
1855	46	41	34	53	0.0049160950000000005
1856	48	45	34	51	0.003994565
1857	38	40	36	34	0.0504222
1858	40	42	36	34	0.0131959
1859	42	44	36	34	0.004652834999999999
1860	44	46	36	34	0.002053925
1861	48	33	36	34	0.000701735
1862	33	35	36	34	0.0003697155
1863	40	44	36	63	0.025189999999999997
1864	44	48	36	63	0.004869544999999999
1865	48	35	36	63	0.001702975
1866	35	39	36	63	0.0007650945
1867	42	48	36	61	0.013884299999999999
1868	48	37	36	61	0.0025508700000000002
1869	44	35	36	59	0.00909708
1870	35	43	36	59	0.00151394
1871	46	39	36	57	0.006647215
1872	48	43	36	55	0.00485513
1873	33	47	36	53	0.0038751899999999997
1874	40	42	38	36	0.05253905
1875	42	44	38	36	0.012531400000000002
1876	44	46	38	36	0.004843409999999999
1877	46	48	38	36	0.0022993700000000002
1878	33	35	38	36	0.000650155
1879	42	46	38	34	0.0240739
1880	46	33	38	34	0.00515151
1881	37	41	38	34	0.0007793695000000001
1882	41	45	38	34	0.00037012099999999995
1883	44	33	38	63	0.014141500000000001
1884	33	39	38	63	0.00240384
1885	46	37	38	61	0.009117924999999999
1886	37	45	38	61	0.0015602950000000002
1887	48	41	38	59	0.00644023
1888	33	45	38	57	0.00472677
1889	42	44	40	38	0.053154850000000003
1890	44	46	40	38	0.013464150000000001
1891	46	48	40	38	0.005336565
1892	48	33	40	38	0.0024055
1893	33	35	40	38	0.00112195
1894	35	37	40	38	0.0006807849999999999
1895	37	39	40	38	0.00041388250000000003
1896	44	48	40	36	0.02594095
1897	48	35	40	36	0.00546842
1898	35	39	40	36	0.001663305
1899	39	43	40	36	0.0007784469999999999
1900	46	35	40	34	0.0152537
1901	35	41	40	34	0.0027083050000000003
1902	48	39	40	63	0.009379795
1903	39	47	40	63	0.00176864
1904	33	43	40	61	0.006609095
1905	35	47	40	59	0.004836025000000001
1906	44	46	42	40	0.058769249999999995
1907	46	48	42	40	0.015200100000000001
1908	48	33	42	40	0.0057557549999999996
1909	33	35	42	40	0.00246708
1910	35	37	42	40	0.00135972
1911	37	39	42	40	0.000672414
1912	46	33	42	38	0.02875705
1913	33	37	42	38	0.005751785
1914	37	41	42	38	0.00154353
1915	41	45	42	38	0.000831663
1916	48	37	42	36	0.01595315
1917	37	43	42	36	0.0023733599999999997
1918	33	41	42	34	0.009547225
1919	35	45	42	63	0.0065271
1920	46	48	44	42	0.06685920000000001
1921	48	33	44	42	0.0152384
1922	33	35	44	42	0.00536737
1923	35	37	44	42	0.002318515
1924	37	39	44	42	0.0010683350000000001
1925	48	35	44	40	0.028761949999999998
1926	35	39	44	40	0.00558646
1927	39	43	44	40	0.001260005
1928	33	39	44	38	0.0157999
1929	39	45	44	38	0.002382995
1930	35	43	44	36	0.00944187
1931	37	47	44	34	0.0063888999999999994
1932	48	33	46	44	0.06018225
1933	33	35	46	44	0.0138683
1934	35	37	46	44	0.00508454
1935	37	39	46	44	0.0021762350000000003
1936	39	41	46	44	0.00107917
1937	33	37	46	42	0.02651315
1938	37	41	46	42	0.0049008
1939	41	45	46	42	0.0014311699999999998
1940	35	41	46	40	0.014636800000000002
1941	41	47	46	40	0.00247946
1942	37	45	46	38	0.00886608
1943	33	35	48	46	0.06538240000000001
1944	35	37	48	46	0.0153708
1945	37	39	48	46	0.005353405
1946	39	41	48	46	0.0019909050000000003
1947	43	45	48	46	0.00083295
1948	35	39	48	44	0.0277154
1949	39	43	48	44	0.004668169999999999
1950	43	47	48	44	0.0015277749999999999
1951	37	43	48	42	0.01431385
1952	39	47	48	40	0.008261515
1953	35	37	33	48	0.07080975
1954	37	39	33	48	0.015649299999999998
1955	39	41	33	48	0.00508723
1956	41	43	33	48	0.002285065
1957	45	47	33	48	0.00057037
1958	37	41	33	46	0.028011349999999997
1959	41	45	33	46	0.00478132
1960	39	45	33	44	0.013680499999999998
1961	37	39	35	33	0.07020485
1962	39	41	35	33	0.01398615
1963	41	43	35	33	0.0048530150000000005
1964	43	45	35	33	0.0021601149999999998
1965	45	47	35	33	0.0010139945
1966	39	43	35	48	0.026381800000000004
1967	43	47	35	48	0.004897175
1968	41	47	35	46	0.0139107
1969	39	41	37	35	0.0691743
1970	41	43	37	35	0.0145375
1971	43	45	37	35	0.00546909
1972	45	47	37	35	0.00217876
1973	41	45	37	33	0.02705825
1974	41	43	39	37	0.0712469
1975	43	45	39	37	0.014744
1976	45	47	39	37	0.0048810699999999995
1977	43	47	39	35	0.026975649999999997
1978	43	45	41	39	0.0754196
1979	45	47	41	39	0.01328525
1980	45	47	43	41	0.07242905
