My beautiful survey

1	3	3	0	1

1  << scale for triangular mesh

0 << num_regions
Start_res.dat

1	0	<< inverse_type, target_decrease

1	2	<< data type (0=normal;1=log), regularization type

1	10	2	1	<< tolerance, max_iterations, error_mod, alpha_aniso

0	0	-10000000000.0	10000000000.0	<<  a_wgt, b_wgt, rho_min, rho_max

5	<< num_poly
97.95	178.303
344.07300000000004	178.303
344.07300000000004	154.81
97.95	154.81
97.95	178.303

126	<< num_electrodes
121	34
122	35
123	36
124	37
125	38
126	39
127	40
128	41
129	2
130	3
131	4
132	5
133	6
134	7
135	8
136	9
137	10
138	11
139	12
140	13
141	14
142	15
143	16
144	17
145	18
146	19
147	20
148	21
149	22
150	23
151	24
152	25
153	26
154	27
155	28
156	29
157	30
158	31
159	32
160	33
161	44
162	45
163	46
164	47
165	48
166	49
167	50
168	51
169	52
170	53
171	54
172	55
173	56
174	57
175	58
176	59
177	60
178	61
179	62
180	63
181	64
182	65
183	66
184	67
185	68
186	69
187	70
188	71
189	72
190	73
191	74
192	75
193	76
194	77
195	78
196	79
197	80
198	81
199	82
200	83
201	95
202	94
203	93
204	92
205	91
206	90
207	89
208	88
209	127
210	126
211	125
212	124
213	123
214	122
215	121
216	120
217	119
218	118
219	117
220	116
221	115
222	114
223	113
224	112
225	111
226	110
227	109
228	108
229	107
230	106
231	105
232	104
233	103
234	102
235	101
236	100
237	99
238	98
239	97
240	96
247	42
248	43
249	84
250	85
251	87
252	86

