      0.18300000E+02      0.43880000E+02      0.41300000E+01
      0.33900000E+02      0.40280000E+02      0.39620000E+01
      0.16340000E+02      0.44270000E+02      0.41290000E+01
      0.31960000E+02      0.40760000E+02      0.39260000E+01
      0.14390000E+02      0.44640000E+02      0.41760000E+01
      0.30010000E+02      0.41180000E+02      0.39900000E+01
      0.12440000E+02      0.45200000E+02      0.42180000E+01
      0.28060000E+02      0.41660000E+02      0.39960000E+01
      0.10520000E+02      0.45830000E+02      0.42450000E+01
      0.26120000E+02      0.42080000E+02      0.39790000E+01
      0.87600000E+01      0.46830000E+02      0.42590000E+01
      0.24190000E+02      0.42540000E+02      0.39010000E+01
      0.70900000E+01      0.47920000E+02      0.42090000E+01
      0.22200000E+02      0.42990000E+02      0.40070000E+01
      0.54100000E+01      0.48980000E+02      0.42320000E+01
      0.20250000E+02      0.43410000E+02      0.40850000E+01
      0.49510000E+02      0.36700000E+02      0.39270000E+01
      0.65160000E+02      0.33460000E+02      0.40330000E+01
      0.47520000E+02      0.37050000E+02      0.38320000E+01
      0.63210000E+02      0.33840000E+02      0.40210000E+01
      0.45590000E+02      0.37560000E+02      0.38460000E+01
      0.61290000E+02      0.34370000E+02      0.39730000E+01
      0.43620000E+02      0.37920000E+02      0.39740000E+01
      0.59300000E+02      0.34660000E+02      0.39050000E+01
      0.41680000E+02      0.38310000E+02      0.39090000E+01
      0.57340000E+02      0.35110000E+02      0.39610000E+01
      0.39730000E+02      0.38850000E+02      0.38770000E+01
      0.55350000E+02      0.35470000E+02      0.38440000E+01
      0.37800000E+02      0.39380000E+02      0.38740000E+01
      0.53400000E+02      0.35900000E+02      0.39030000E+01
      0.35830000E+02      0.39820000E+02      0.39310000E+01
      0.51470000E+02      0.36390000E+02      0.39370000E+01
      0.12173000E+03      0.20860000E+02      0.43700000E+01
      0.10613000E+03      0.24360000E+02      0.42650000E+01
      0.12366000E+03      0.20350000E+02      0.43340000E+01
      0.10809000E+03      0.23930000E+02      0.42470000E+01
      0.12562000E+03      0.19950000E+02      0.44350000E+01
      0.11003000E+03      0.23500000E+02      0.42300000E+01
      0.12758000E+03      0.19560000E+02      0.44070000E+01
      0.11200000E+03      0.23090000E+02      0.42530000E+01
      0.12961000E+03      0.19490000E+02      0.44270000E+01
      0.11396000E+03      0.22580000E+02      0.42770000E+01
      0.13158000E+03      0.19300000E+02      0.44410000E+01
      0.11586000E+03      0.22110000E+02      0.43460000E+01
      0.13362000E+03      0.19230000E+02      0.44950000E+01
      0.11781000E+03      0.21630000E+02      0.43730000E+01
      0.13558000E+03      0.18980000E+02      0.44880000E+01
      0.11981000E+03      0.21250000E+02      0.44400000E+01
      0.90480000E+02      0.27770000E+02      0.41730000E+01
      0.74840000E+02      0.31080000E+02      0.40930000E+01
      0.92460000E+02      0.27360000E+02      0.42120000E+01
      0.76800000E+02      0.30640000E+02      0.40330000E+01
      0.94440000E+02      0.26880000E+02      0.42590000E+01
      0.78750000E+02      0.30210000E+02      0.39980000E+01
      0.96380000E+02      0.26510000E+02      0.42000000E+01
      0.80760000E+02      0.29880000E+02      0.40040000E+01
      0.98370000E+02      0.26130000E+02      0.42190000E+01
      0.82660000E+02      0.29400000E+02      0.39830000E+01
      0.10029000E+03      0.25670000E+02      0.41920000E+01
      0.84610000E+02      0.28980000E+02      0.39940000E+01
      0.10221000E+03      0.25200000E+02      0.41610000E+01
      0.86590000E+02      0.28460000E+02      0.40890000E+01
      0.10417000E+03      0.24760000E+02      0.41890000E+01
      0.88530000E+02      0.28150000E+02      0.40820000E+01
      0.30310000E+02      0.10431000E+03      0.18990000E+01
      0.45450000E+02      0.99190000E+02      0.15700000E+01
      0.28420000E+02      0.10491000E+03      0.19690000E+01
      0.43590000E+02      0.99870000E+02      0.15960000E+01
      0.26530000E+02      0.10556000E+03      0.19250000E+01
      0.41680000E+02      0.10045000E+03      0.16710000E+01
      0.24640000E+02      0.10618000E+03      0.19570000E+01
      0.39810000E+02      0.10111000E+03      0.17070000E+01
      0.22740000E+02      0.10680000E+03      0.20120000E+01
      0.37910000E+02      0.10174000E+03      0.17190000E+01
      0.20840000E+02      0.10743000E+03      0.20290000E+01
      0.36030000E+02      0.10235000E+03      0.17700000E+01
      0.18950000E+02      0.10808000E+03      0.20590000E+01
      0.34150000E+02      0.10309000E+03      0.17600000E+01
      0.17130000E+02      0.10877000E+03      0.21010000E+01
      0.32250000E+02      0.10373000E+03      0.18480000E+01
      0.60680000E+02      0.94100000E+02      0.15670000E+01
      0.75840000E+02      0.88960000E+02      0.15910000E+01
      0.58780000E+02      0.94780000E+02      0.15890000E+01
      0.73920000E+02      0.89550000E+02      0.16950000E+01
      0.56880000E+02      0.95380000E+02      0.16000000E+01
      0.72030000E+02      0.90290000E+02      0.17080000E+01
      0.54990000E+02      0.96060000E+02      0.15210000E+01
      0.70170000E+02      0.90940000E+02      0.16530000E+01
      0.53050000E+02      0.96670000E+02      0.15570000E+01
      0.68220000E+02      0.91490000E+02      0.16190000E+01
      0.51200000E+02      0.97350000E+02      0.15340000E+01
      0.66340000E+02      0.92120000E+02      0.16790000E+01
      0.49260000E+02      0.97910000E+02      0.15080000E+01
      0.64430000E+02      0.92720000E+02      0.16260000E+01
      0.47300000E+02      0.98520000E+02      0.15740000E+01
      0.62560000E+02      0.93410000E+02      0.16400000E+01
      0.13469000E+03      0.69460000E+02      0.21500000E+01
      0.11949000E+03      0.74380000E+02      0.15610000E+01
      0.13660000E+03      0.68800000E+02      0.22900000E+01
      0.12138000E+03      0.73740000E+02      0.15940000E+01
      0.13848000E+03      0.68090000E+02      0.23960000E+01
      0.12332000E+03      0.73200000E+02      0.16590000E+01
      0.14038000E+03      0.67530000E+02      0.25550000E+01
      0.12523000E+03      0.72570000E+02      0.17500000E+01
      0.14225000E+03      0.66820000E+02      0.26350000E+01
      0.12710000E+03      0.71970000E+02      0.17610000E+01
      0.14417000E+03      0.66250000E+02      0.27190000E+01
      0.12903000E+03      0.71330000E+02      0.18910000E+01
      0.14610000E+03      0.65620000E+02      0.28550000E+01
      0.13089000E+03      0.70690000E+02      0.19230000E+01
      0.14795000E+03      0.64990000E+02      0.30050000E+01
      0.13281000E+03      0.70100000E+02      0.20260000E+01
      0.10431000E+03      0.79560000E+02      0.15260000E+01
      0.89110000E+02      0.84570000E+02      0.15590000E+01
      0.10621000E+03      0.78910000E+02      0.15350000E+01
      0.91010000E+02      0.83940000E+02      0.15600000E+01
      0.10812000E+03      0.78330000E+02      0.15520000E+01
      0.92890000E+02      0.83270000E+02      0.15390000E+01
      0.10995000E+03      0.77590000E+02      0.15700000E+01
      0.94800000E+02      0.82630000E+02      0.15130000E+01
      0.11187000E+03      0.76980000E+02      0.15770000E+01
      0.96710000E+02      0.82060000E+02      0.15420000E+01
      0.11379000E+03      0.76310000E+02      0.15780000E+01
      0.98570000E+02      0.81330000E+02      0.15270000E+01
      0.11572000E+03      0.75660000E+02      0.14920000E+01
      0.10052000E+03      0.80770000E+02      0.15300000E+01
      0.11761000E+03      0.75060000E+02      0.15260000E+01
      0.10243000E+03      0.80260000E+02      0.15060000E+01
      0.29510000E+02      0.49550000E+02      0.50460000E+01
      0.33560000E+02      0.64970000E+02      0.50570000E+01
      0.29100000E+02      0.47590000E+02      0.47520000E+01
      0.33080000E+02      0.63050000E+02      0.52950000E+01
      0.28660000E+02      0.45660000E+02      0.43600000E+01
      0.32600000E+02      0.61100000E+02      0.53960000E+01
      0.28270000E+02      0.43680000E+02      0.39730000E+01
      0.32090000E+02      0.59180000E+02      0.54410000E+01
      0.27920000E+02      0.41710000E+02      0.39330000E+01
      0.31650000E+02      0.57240000E+02      0.53870000E+01
      0.27670000E+02      0.39800000E+02      0.35830000E+01
      0.30980000E+02      0.55240000E+02      0.52510000E+01
      0.27240000E+02      0.38110000E+02      0.30090000E+01
      0.30630000E+02      0.53410000E+02      0.50960000E+01
      0.26640000E+02      0.36180000E+02      0.24530000E+01
      0.30000000E+02      0.51470000E+02      0.51760000E+01
      0.37420000E+02      0.80430000E+02      0.38180000E+01
      0.41250000E+02      0.95900000E+02      0.20080000E+01
      0.36970000E+02      0.78500000E+02      0.39920000E+01
      0.40740000E+02      0.93950000E+02      0.23220000E+01
      0.36530000E+02      0.76570000E+02      0.41580000E+01
      0.40260000E+02      0.92010000E+02      0.25960000E+01
      0.36020000E+02      0.74630000E+02      0.42410000E+01
      0.39750000E+02      0.90110000E+02      0.28060000E+01
      0.35540000E+02      0.72700000E+02      0.44950000E+01
      0.39310000E+02      0.88170000E+02      0.30190000E+01
      0.35080000E+02      0.70770000E+02      0.46510000E+01
      0.38840000E+02      0.86230000E+02      0.32170000E+01
      0.34550000E+02      0.68830000E+02      0.47880000E+01
      0.38390000E+02      0.84290000E+02      0.34850000E+01
      0.34100000E+02      0.66890000E+02      0.48630000E+01
      0.37870000E+02      0.82400000E+02      0.36980000E+01
      0.68600000E+02      0.36630000E+02      0.45490000E+01
      0.72210000E+02      0.52070000E+02      0.51640000E+01
      0.68160000E+02      0.34670000E+02      0.41890000E+01
      0.71670000E+02      0.50170000E+02      0.52520000E+01
      0.67720000E+02      0.32710000E+02      0.39390000E+01
      0.71190000E+02      0.48260000E+02      0.52280000E+01
      0.67550000E+02      0.30710000E+02      0.37750000E+01
      0.70820000E+02      0.46290000E+02      0.52370000E+01
      0.67180000E+02      0.28920000E+02      0.32270000E+01
      0.70340000E+02      0.44330000E+02      0.52390000E+01
      0.66530000E+02      0.26980000E+02      0.29270000E+01
      0.69840000E+02      0.42400000E+02      0.52430000E+01
      0.66100000E+02      0.25040000E+02      0.25380000E+01
      0.69440000E+02      0.40460000E+02      0.51420000E+01
      0.65650000E+02      0.23090000E+02      0.25940000E+01
      0.69050000E+02      0.38530000E+02      0.48940000E+01
      0.75870000E+02      0.67560000E+02      0.35940000E+01
      0.79450000E+02      0.83080000E+02      0.17500000E+01
      0.75470000E+02      0.65620000E+02      0.38480000E+01
      0.79020000E+02      0.81140000E+02      0.20270000E+01
      0.75100000E+02      0.63660000E+02      0.40340000E+01
      0.78550000E+02      0.79210000E+02      0.21840000E+01
      0.74640000E+02      0.61720000E+02      0.42880000E+01
      0.78130000E+02      0.77250000E+02      0.24660000E+01
      0.74170000E+02      0.59780000E+02      0.44370000E+01
      0.77630000E+02      0.75340000E+02      0.26610000E+01
      0.73700000E+02      0.57860000E+02      0.47460000E+01
      0.77180000E+02      0.73380000E+02      0.29020000E+01
      0.73340000E+02      0.55910000E+02      0.48150000E+01
      0.76760000E+02      0.71420000E+02      0.31500000E+01
      0.72870000E+02      0.53980000E+02      0.49750000E+01
      0.76310000E+02      0.69530000E+02      0.33610000E+01
      0.10631000E+03      0.26390000E+02      0.45930000E+01
      0.11003000E+03      0.41880000E+02      0.56520000E+01
      0.10601000E+03      0.24430000E+02      0.42620000E+01
      0.10966000E+03      0.39870000E+02      0.57330000E+01
      0.10549000E+03      0.22570000E+02      0.39420000E+01
      0.10911000E+03      0.37940000E+02      0.57360000E+01
      0.10519000E+03      0.20580000E+02      0.33530000E+01
      0.10873000E+03      0.35990000E+02      0.56330000E+01
      0.10466000E+03      0.18810000E+02      0.28120000E+01
      0.10807000E+03      0.34100000E+02      0.55980000E+01
      0.10417000E+03      0.16750000E+02      0.28420000E+01
      0.10771000E+03      0.32170000E+02      0.55080000E+01
      0.10369000E+03      0.14830000E+02      0.27630000E+01
      0.10728000E+03      0.30250000E+02      0.51590000E+01
      0.10334000E+03      0.13040000E+02      0.26920000E+01
      0.10680000E+03      0.28310000E+02      0.48040000E+01
      0.11383000E+03      0.57270000E+02      0.38540000E+01
      0.11715000E+03      0.72700000E+02      0.16710000E+01
      0.11337000E+03      0.55340000E+02      0.41900000E+01
      0.11673000E+03      0.70790000E+02      0.19550000E+01
      0.11281000E+03      0.53430000E+02      0.44190000E+01
      0.11631000E+03      0.68850000E+02      0.23060000E+01
      0.11229000E+03      0.51540000E+02      0.47640000E+01
      0.11591000E+03      0.66920000E+02      0.26470000E+01
      0.11186000E+03      0.49610000E+02      0.49710000E+01
      0.11550000E+03      0.64990000E+02      0.29000000E+01
      0.11147000E+03      0.47650000E+02      0.52490000E+01
      0.11504000E+03      0.63060000E+02      0.30540000E+01
      0.11103000E+03      0.45740000E+02      0.54180000E+01
      0.11462000E+03      0.61110000E+02      0.33090000E+01
      0.11055000E+03      0.43790000E+02      0.56860000E+01
      0.11423000E+03      0.59200000E+02      0.35740000E+01
      0.67110000E+02      0.32900000E+02      0.39740000E+01
      0.69010000E+02      0.32370000E+02      0.39430000E+01
      0.77750000E+02      0.88440000E+02      0.16110000E+01
      0.79680000E+02      0.87780000E+02      0.15930000E+01
      0.81570000E+02      0.87170000E+02      0.16030000E+01
      0.87200000E+02      0.85170000E+02      0.15520000E+01
      0.85310000E+02      0.85810000E+02      0.15780000E+01
      0.83420000E+02      0.86430000E+02      0.15760000E+01
      0.41730000E+02      0.97820000E+02      0.19420000E+01
      0.42090000E+02      0.99750000E+02      0.17230000E+01
      0.42580000E+02      0.10168000E+03      0.15250000E+01
      0.42880000E+02      0.10367000E+03      0.14260000E+01
      0.43320000E+02      0.10563000E+03      0.14250000E+01
      0.43780000E+02      0.10756000E+03      0.13770000E+01
      0.44190000E+02      0.10950000E+03      0.13190000E+01
      0.44730000E+02      0.11132000E+03      0.67200000E+00
      0.79870000E+02      0.85050000E+02      0.17050000E+01
      0.80310000E+02      0.86990000E+02      0.16510000E+01
      0.80750000E+02      0.88910000E+02      0.15870000E+01
      0.81130000E+02      0.90890000E+02      0.15850000E+01
      0.81430000E+02      0.92870000E+02      0.15020000E+01
      0.81730000E+02      0.94810000E+02      0.12470000E+01
      0.82100000E+02      0.96660000E+02      0.61300000E+00
      0.72910000E+02      0.31560000E+02      0.40040000E+01
      0.70980000E+02      0.31990000E+02      0.39370000E+01
      0.11757000E+03      0.74680000E+02      0.15560000E+01
      0.11814000E+03      0.76580000E+02      0.16110000E+01
      0.11861000E+03      0.78530000E+02      0.15710000E+01
      0.11900000E+03      0.80510000E+02      0.15150000E+01
      0.11945000E+03      0.82440000E+02      0.14350000E+01
      0.11985000E+03      0.84390000E+02      0.10990000E+01
      0.12027000E+03      0.86300000E+02      0.62000000E+00
