My beautiful survey

1	3	3	0	1

1  << scale for triangular mesh

0 << num_regions
Start_res.dat

1	0	<< inverse_type, target_decrease

1	2	<< data type (0=normal;1=log), regularization type

1	10	2	1	<< tolerance, max_iterations, error_mod, alpha_aniso

0	0	-10000000000.0	10000000000.0	<<  a_wgt, b_wgt, rho_min, rho_max

5	<< num_poly
0.0	184.52700000000002
246.52700000000002	184.52700000000002
246.52700000000002	97.926
0.0	97.926
0.0	184.52700000000002

126	<< num_electrodes
1	2
2	3
3	4
4	5
5	6
6	7
7	8
8	9
9	10
10	11
11	12
12	13
13	14
14	15
15	16
16	17
17	18
18	19
19	20
20	21
21	22
22	23
23	24
24	25
25	26
26	27
27	28
28	29
29	30
30	31
31	32
32	33
33	34
34	35
35	36
36	37
37	38
38	39
39	40
40	41
41	76
42	77
43	78
44	79
45	80
46	81
47	82
48	83
49	44
50	45
51	46
52	47
53	48
54	49
55	50
56	51
57	52
58	53
59	54
60	55
61	56
62	57
63	58
64	59
65	60
66	61
67	62
68	63
69	64
70	65
71	66
72	67
73	68
74	69
75	70
76	71
77	72
78	73
79	74
80	75
81	86
82	87
83	88
84	89
85	90
86	91
87	92
88	93
89	94
90	95
91	96
92	97
93	98
94	99
95	100
96	101
97	102
98	103
99	104
100	105
101	106
102	107
103	108
104	109
105	110
106	111
107	112
108	113
109	114
110	115
111	116
112	117
113	118
114	119
115	120
116	121
117	122
118	123
119	124
120	125
241	42
242	43
243	84
244	85
245	126
246	127

