      0.00000000E+00      0.00000000E+00      0.47148456E+01
      0.29100000E+01      0.18500000E+01      0.45563555E+01
      0.58000000E+01      0.37600000E+01      0.45351481E+01
      0.86200000E+01      0.58300000E+01      0.45348540E+01
      0.11390000E+02      0.80100000E+01      0.44886175E+01
      0.14100000E+02      0.10150000E+02      0.44830311E+01
      0.16930000E+02      0.12170000E+02      0.44754042E+01
      0.19790000E+02      0.14290000E+02      0.45593933E+01
      0.22570000E+02      0.16430000E+02      0.47436507E+01
      0.25450000E+02      0.18400000E+02      0.47752645E+01
      0.28410000E+02      0.20180000E+02      0.47953063E+01
      0.31320000E+02      0.22160000E+02      0.48567936E+01
      0.34150000E+02      0.24200000E+02      0.49168397E+01
      0.36960000E+02      0.26360000E+02      0.49495858E+01
      0.39700000E+02      0.28510000E+02      0.50060971E+01
      0.42440000E+02      0.30720000E+02      0.50423246E+01
      0.45200000E+02      0.32740000E+02      0.49859652E+01
      0.48130000E+02      0.34750000E+02      0.49302133E+01
      0.51000000E+02      0.36720000E+02      0.48814054E+01
      0.53890000E+02      0.38670000E+02      0.48812796E+01
      0.56740000E+02      0.40690000E+02      0.48230910E+01
      0.59470000E+02      0.42710000E+02      0.47895844E+01
      0.62520000E+02      0.44590000E+02      0.46927508E+01
      0.65310000E+02      0.46650000E+02      0.48658354E+01
      0.68440000E+02      0.48050000E+02      0.50568806E+01
      0.72000000E+02      0.48320000E+02      0.50303776E+01
      0.75420000E+02      0.48710000E+02      0.50336379E+01
      0.78880000E+02      0.49020000E+02      0.50468502E+01
      0.82390000E+02      0.49320000E+02      0.51071711E+01
      0.85850000E+02      0.49580000E+02      0.52208818E+01
      0.89380000E+02      0.49630000E+02      0.51746291E+01
      0.92830000E+02      0.49530000E+02      0.50731759E+01
      0.96330000E+02      0.49450000E+02      0.50927129E+01
      0.99860000E+02      0.49370000E+02      0.50835903E+01
      0.10336000E+03      0.49310000E+02      0.51215149E+01
      0.10683000E+03      0.49230000E+02      0.51717134E+01
      0.11031000E+03      0.49200000E+02      0.51784591E+01
      0.11380000E+03      0.49120000E+02      0.51419946E+01
      0.11733000E+03      0.49120000E+02      0.51840911E+01
      0.12087000E+03      0.48980000E+02      0.51710089E+01
      0.12433000E+03      0.48790000E+02      0.51740220E+01
      0.12784000E+03      0.48600000E+02      0.52243487E+01
      0.13133000E+03      0.48400000E+02      0.51822500E+01
      0.13479000E+03      0.48250000E+02      0.51444795E+01
      0.13829000E+03      0.48080000E+02      0.51557337E+01
      0.14182000E+03      0.48040000E+02      0.52635534E+01
      0.14528000E+03      0.47840000E+02      0.52830871E+01
      0.14878000E+03      0.47730000E+02      0.53015183E+01
      0.15225000E+03      0.47610000E+02      0.52628897E+01
      0.15574000E+03      0.47480000E+02      0.51953328E+01
      0.15925000E+03      0.47340000E+02      0.51828432E+01
      0.16280000E+03      0.47150000E+02      0.51549264E+01
      0.16627000E+03      0.46980000E+02      0.52246666E+01
      0.16975000E+03      0.46830000E+02      0.51808668E+01
      0.17330000E+03      0.46680000E+02      0.52674447E+01
      0.17677000E+03      0.46580000E+02      0.53333232E+01
      0.18025000E+03      0.46450000E+02      0.53798677E+01
      0.18371000E+03      0.46170000E+02      0.54050054E+01
      0.18720000E+03      0.45740000E+02      0.54216267E+01
      0.19067000E+03      0.45210000E+02      0.54960064E+01
      0.19415000E+03      0.44690000E+02      0.55824843E+01
      0.19755000E+03      0.44230000E+02      0.56969783E+01
      0.20096000E+03      0.43400000E+02      0.57134727E+01
      0.20424000E+03      0.42430000E+02      0.56852482E+01
      0.20754000E+03      0.41150000E+02      0.55548576E+01
      0.21076000E+03      0.39790000E+02      0.54924863E+01
      0.21401000E+03      0.38320000E+02      0.53924661E+01
      0.21727000E+03      0.37040000E+02      0.54019187E+01
      0.22065000E+03      0.35960000E+02      0.55123389E+01
      0.22399000E+03      0.35040000E+02      0.56151694E+01
      0.22739000E+03      0.34310000E+02      0.56697874E+01
      0.23082000E+03      0.33660000E+02      0.56976723E+01
      0.23432000E+03      0.33170000E+02      0.56692197E+01
      0.23776000E+03      0.32560000E+02      0.56021164E+01
      0.24117000E+03      0.31970000E+02      0.55648797E+01
      0.24466000E+03      0.31490000E+02      0.55914283E+01
      0.24808000E+03      0.31250000E+02      0.56376139E+01
      0.25162000E+03      0.31080000E+02      0.56883218E+01
      0.25516000E+03      0.30900000E+02      0.56866425E+01
      0.25865000E+03      0.30510000E+02      0.55544752E+01
      0.26210000E+03      0.30340000E+02      0.55498159E+01
      0.26558000E+03      0.30170000E+02      0.55648862E+01
      0.26912000E+03      0.30060000E+02      0.55855103E+01
      0.27259000E+03      0.29990000E+02      0.55972158E+01
      0.27608000E+03      0.29890000E+02      0.55749195E+01
      0.27957000E+03      0.29840000E+02      0.56102702E+01
      0.28308000E+03      0.29730000E+02      0.56444550E+01
      0.28656000E+03      0.29560000E+02      0.56400334E+01
      0.29005000E+03      0.29430000E+02      0.56469675E+01
      0.29356000E+03      0.29230000E+02      0.56099128E+01
      0.29702000E+03      0.29040000E+02      0.55803434E+01
      0.30054000E+03      0.28830000E+02      0.55561747E+01
      0.30406000E+03      0.28660000E+02      0.55423893E+01
      0.30751000E+03      0.28560000E+02      0.55554616E+01
      0.31100000E+03      0.28350000E+02      0.55550368E+01
      0.31449000E+03      0.28080000E+02      0.55186717E+01
      0.31796000E+03      0.27870000E+02      0.54787686E+01
      0.32148000E+03      0.27780000E+02      0.54850313E+01
      0.32499000E+03      0.27640000E+02      0.54770857E+01
      0.32850000E+03      0.27540000E+02      0.54873882E+01
      0.33196000E+03      0.27460000E+02      0.54939557E+01
      0.33547000E+03      0.27340000E+02      0.54634780E+01
      0.33896000E+03      0.27170000E+02      0.54386175E+01
      0.34248000E+03      0.27110000E+02      0.54395113E+01
      0.34597000E+03      0.27040000E+02      0.54565972E+01
      0.34946000E+03      0.27150000E+02      0.54986372E+01
      0.35294000E+03      0.27280000E+02      0.54315185E+01
      0.35640000E+03      0.27580000E+02      0.54198673E+01
      0.35986000E+03      0.28200000E+02      0.54964683E+01
      0.36328000E+03      0.28990000E+02      0.55758345E+01
      0.36668000E+03      0.29760000E+02      0.56159759E+01
      0.37003000E+03      0.30700000E+02      0.55667395E+01
      0.37336000E+03      0.31720000E+02      0.55062719E+01
      0.37683000E+03      0.32600000E+02      0.53522028E+01
      0.38003000E+03      0.33920000E+02      0.55687550E+01
      0.38353000E+03      0.34400000E+02      0.53951040E+01
      0.38694000E+03      0.34600000E+02      0.53331377E+01
      0.39047000E+03      0.34760000E+02      0.53710958E+01
      0.39398000E+03      0.34510000E+02      0.53696309E+01
      0.39746000E+03      0.34190000E+02      0.54004811E+01
      0.40089000E+03      0.33900000E+02      0.53742581E+01
      0.40441000E+03      0.33500000E+02      0.52563154E+01
      0.40789000E+03      0.32890000E+02      0.50794068E+01
      0.41134000E+03      0.32950000E+02      0.51264184E+01
      0.41483000E+03      0.32920000E+02      0.51716751E+01
      0.41833000E+03      0.32820000E+02      0.51914469E+01
      0.42183000E+03      0.32730000E+02      0.52221321E+01
      0.42538000E+03      0.32630000E+02      0.51573335E+01
      0.33360000E+02      0.46350000E+02      0.71698968E+01
      0.36690000E+02      0.47400000E+02      0.70778222E+01
      0.40020000E+02      0.48120000E+02      0.69569952E+01
      0.43490000E+02      0.48940000E+02      0.69184900E+01
      0.46930000E+02      0.49650000E+02      0.68477949E+01
      0.50340000E+02      0.50220000E+02      0.68049163E+01
      0.53840000E+02      0.50830000E+02      0.67995049E+01
      0.57270000E+02      0.51370000E+02      0.68138750E+01
      0.60660000E+02      0.51940000E+02      0.68598903E+01
      0.64190000E+02      0.52450000E+02      0.68555431E+01
      0.67660000E+02      0.52950000E+02      0.68878910E+01
      0.71150000E+02      0.53360000E+02      0.68868965E+01
      0.74560000E+02      0.53700000E+02      0.68645461E+01
      0.78060000E+02      0.53960000E+02      0.68678820E+01
      0.81560000E+02      0.54210000E+02      0.69105525E+01
      0.85070000E+02      0.54300000E+02      0.69242202E+01
      0.88610000E+02      0.54280000E+02      0.69113978E+01
      0.92100000E+02      0.54250000E+02      0.69024382E+01
      0.95570000E+02      0.54230000E+02      0.69159534E+01
      0.99100000E+02      0.54230000E+02      0.69192680E+01
      0.10260000E+03      0.54180000E+02      0.69085600E+01
      0.10605000E+03      0.54170000E+02      0.69317038E+01
      0.10955000E+03      0.54140000E+02      0.69752782E+01
      0.11307000E+03      0.54130000E+02      0.69946017E+01
      0.11657000E+03      0.54140000E+02      0.70469072E+01
      0.12005000E+03      0.54120000E+02      0.70480495E+01
      0.12355000E+03      0.54070000E+02      0.70674273E+01
      0.12709000E+03      0.54050000E+02      0.70981027E+01
      0.13055000E+03      0.54020000E+02      0.71136753E+01
      0.13404000E+03      0.54030000E+02      0.71456784E+01
      0.13753000E+03      0.53910000E+02      0.71745545E+01
      0.14105000E+03      0.53900000E+02      0.72069368E+01
      0.14454000E+03      0.53730000E+02      0.72493775E+01
      0.14805000E+03      0.53670000E+02      0.72685240E+01
      0.15152000E+03      0.53470000E+02      0.72571427E+01
      0.15506000E+03      0.53290000E+02      0.72695242E+01
      0.15849000E+03      0.53220000E+02      0.72598969E+01
      0.16198000E+03      0.53170000E+02      0.72983013E+01
      0.16549000E+03      0.52990000E+02      0.73038603E+01
      0.16847000E+03      0.52880000E+02      0.73196219E+01
      0.17251000E+03      0.52770000E+02      0.73574325E+01
      0.17597000E+03      0.52580000E+02      0.73626204E+01
      0.17945000E+03      0.52320000E+02      0.74187317E+01
      0.18293000E+03      0.52050000E+02      0.74401398E+01
      0.18642000E+03      0.51850000E+02      0.74660660E+01
      0.18989000E+03      0.51340000E+02      0.74700350E+01
      0.19335000E+03      0.50690000E+02      0.74878611E+01
      0.19680000E+03      0.50050000E+02      0.75243540E+01
      0.20021000E+03      0.49420000E+02      0.75392199E+01
      0.20357000E+03      0.48570000E+02      0.75580118E+01
      0.20699000E+03      0.47540000E+02      0.75677145E+01
      0.21028000E+03      0.46490000E+02      0.75332375E+01
      0.21356000E+03      0.45360000E+02      0.75575000E+01
      0.21685000E+03      0.44190000E+02      0.76004941E+01
      0.22013000E+03      0.42970000E+02      0.76172322E+01
      0.22345000E+03      0.41800000E+02      0.76028425E+01
      0.22676000E+03      0.40730000E+02      0.76049728E+01
      0.23014000E+03      0.39760000E+02      0.76157679E+01
      0.23355000E+03      0.39090000E+02      0.76177717E+01
      0.23702000E+03      0.38600000E+02      0.76136940E+01
      0.24047000E+03      0.38160000E+02      0.76044431E+01
      0.24398000E+03      0.37730000E+02      0.75936559E+01
      0.24742000E+03      0.37320000E+02      0.75872117E+01
      0.25090000E+03      0.37030000E+02      0.75789581E+01
      0.25443000E+03      0.36810000E+02      0.76029712E+01
      0.25789000E+03      0.36680000E+02      0.76022125E+01
      0.26138000E+03      0.36430000E+02      0.76017413E+01
      0.26485000E+03      0.36170000E+02      0.75975628E+01
      0.26835000E+03      0.36000000E+02      0.76062522E+01
      0.27188000E+03      0.35930000E+02      0.76048025E+01
      0.27539000E+03      0.35820000E+02      0.75966003E+01
      0.27886000E+03      0.35660000E+02      0.75962154E+01
      0.28236000E+03      0.35550000E+02      0.75760136E+01
      0.28583000E+03      0.35400000E+02      0.75510515E+01
      0.28932000E+03      0.35200000E+02      0.75355618E+01
      0.29282000E+03      0.34970000E+02      0.75380678E+01
      0.29631000E+03      0.34780000E+02      0.75074423E+01
      0.29982000E+03      0.34580000E+02      0.74978618E+01
      0.30333000E+03      0.34470000E+02      0.74753691E+01
      0.30677000E+03      0.34270000E+02      0.74503581E+01
      0.31028000E+03      0.34130000E+02      0.74245826E+01
      0.31379000E+03      0.34010000E+02      0.74612924E+01
      0.31728000E+03      0.33850000E+02      0.74513765E+01
      0.32080000E+03      0.33580000E+02      0.74358667E+01
      0.32428000E+03      0.33420000E+02      0.74002292E+01
      0.32777000E+03      0.33250000E+02      0.73769824E+01
      0.33123000E+03      0.32950000E+02      0.73739641E+01
      0.33468000E+03      0.32640000E+02      0.73351029E+01
      0.33820000E+03      0.32570000E+02      0.73130976E+01
      0.34169000E+03      0.32400000E+02      0.72834002E+01
      0.34519000E+03      0.32270000E+02      0.72901448E+01
      0.34872000E+03      0.32260000E+02      0.72675426E+01
      0.35219000E+03      0.32480000E+02      0.72588410E+01
      0.35567000E+03      0.32910000E+02      0.72242682E+01
      0.35911000E+03      0.33260000E+02      0.72116136E+01
      0.36260000E+03      0.33800000E+02      0.71918199E+01
      0.36600000E+03      0.34580000E+02      0.71887353E+01
      0.36936000E+03      0.35570000E+02      0.71475652E+01
      0.37265000E+03      0.36720000E+02      0.71343893E+01
      0.37598000E+03      0.37800000E+02      0.71359519E+01
      0.37933000E+03      0.38690000E+02      0.71340129E+01
      0.38279000E+03      0.39240000E+02      0.71340137E+01
      0.38629000E+03      0.39580000E+02      0.71291266E+01
      0.38977000E+03      0.39700000E+02      0.70888719E+01
      0.39327000E+03      0.39560000E+02      0.70400640E+01
      0.39679000E+03      0.39240000E+02      0.70327394E+01
      0.40024000E+03      0.39020000E+02      0.70357379E+01
      0.40372000E+03      0.38800000E+02      0.70351240E+01
      0.40720000E+03      0.38520000E+02      0.70396345E+01
      0.41070000E+03      0.38260000E+02      0.69849644E+01
      0.41415000E+03      0.37980000E+02      0.69983517E+01
      0.41767000E+03      0.37860000E+02      0.69418840E+01
      0.42116000E+03      0.37800000E+02      0.69348281E+01
      0.42469000E+03      0.37800000E+02      0.69314997E+01
      0.42809000E+03      0.38070000E+02      0.69369204E+01
      0.43134000E+03      0.38740000E+02      0.69055467E+01
      0.43479000E+03      0.39400000E+02      0.68014061E+01
      0.43825000E+03      0.38970000E+02      0.67588289E+01
      0.44169000E+03      0.38510000E+02      0.68170529E+01
      0.44519000E+03      0.37940000E+02      0.68419172E+01
      0.44862000E+03      0.37340000E+02      0.68000069E+01
      0.45201000E+03      0.36600000E+02      0.68089306E+01
      0.45550000E+03      0.36220000E+02      0.67956561E+01
      0.45899000E+03      0.35740000E+02      0.67567008E+01
      0.46243000E+03      0.35360000E+02      0.67450500E+01
      0.46593000E+03      0.35000000E+02      0.67763961E+01
      0.46940000E+03      0.34640000E+02      0.67615064E+01
      0.47288000E+03      0.34340000E+02      0.67351555E+01
      0.67910000E+02      0.61440000E+02      0.54585630E+01
      0.71270000E+02      0.62200000E+02      0.52253660E+01
      0.74730000E+02      0.63000000E+02      0.50404518E+01
      0.78170000E+02      0.63750000E+02      0.48633133E+01
      0.81580000E+02      0.64390000E+02      0.46586446E+01
      0.84900000E+02      0.65080000E+02      0.44434220E+01
      0.88370000E+02      0.65680000E+02      0.41621670E+01
      0.91900000E+02      0.66100000E+02      0.39028758E+01
      0.95360000E+02      0.66410000E+02      0.36902851E+01
      0.98860000E+02      0.66750000E+02      0.35346001E+01
      0.10234000E+03      0.67120000E+02      0.34225312E+01
      0.10577000E+03      0.67190000E+02      0.33687797E+01
      0.10933000E+03      0.67230000E+02      0.32257033E+01
      0.11278000E+03      0.67400000E+02      0.31549895E+01
      0.11627000E+03      0.67480000E+02      0.30953047E+01
      0.11979000E+03      0.67610000E+02      0.30774136E+01
      0.12326000E+03      0.67800000E+02      0.30161204E+01
      0.12674000E+03      0.67880000E+02      0.29052352E+01
      0.13023000E+03      0.67970000E+02      0.28643426E+01
      0.13371000E+03      0.68160000E+02      0.28037941E+01
      0.13719000E+03      0.68370000E+02      0.27156549E+01
      0.14069000E+03      0.68690000E+02      0.26100452E+01
      0.14419000E+03      0.68770000E+02      0.26095238E+01
      0.14763000E+03      0.68870000E+02      0.25750084E+01
      0.15118000E+03      0.68800000E+02      0.25901463E+01
      0.15465000E+03      0.68790000E+02      0.25906356E+01
      0.15807000E+03      0.68640000E+02      0.26246160E+01
      0.16166000E+03      0.68520000E+02      0.26527591E+01
      0.16520000E+03      0.68440000E+02      0.27339467E+01
      0.16879000E+03      0.67970000E+02      0.28368817E+01
      0.17226000E+03      0.67800000E+02      0.28740586E+01
      0.17582000E+03      0.67660000E+02      0.29099289E+01
      0.17928000E+03      0.67590000E+02      0.28829091E+01
      0.18276000E+03      0.67360000E+02      0.29414897E+01
      0.18625000E+03      0.67300000E+02      0.29402462E+01
      0.18970000E+03      0.67130000E+02      0.28897214E+01
      0.19320000E+03      0.66950000E+02      0.28961682E+01
      0.19669000E+03      0.66610000E+02      0.29455030E+01
      0.20014000E+03      0.65870000E+02      0.29854850E+01
      0.20351000E+03      0.65200000E+02      0.30105362E+01
      0.20696000E+03      0.64440000E+02      0.30586760E+01
      0.21033000E+03      0.63730000E+02      0.30733225E+01
      0.21376000E+03      0.62920000E+02      0.31408813E+01
      0.21706000E+03      0.61960000E+02      0.31577107E+01
      0.22046000E+03      0.60880000E+02      0.31883566E+01
      0.22377000E+03      0.59740000E+02      0.32178837E+01
      0.22717000E+03      0.58670000E+02      0.32043193E+01
      0.23052000E+03      0.57860000E+02      0.31919382E+01
      0.23392000E+03      0.57080000E+02      0.31965135E+01
      0.23742000E+03      0.56330000E+02      0.32106943E+01
      0.24082000E+03      0.55780000E+02      0.32349384E+01
      0.24429000E+03      0.55250000E+02      0.32912930E+01
      0.24771000E+03      0.54920000E+02      0.33157566E+01
      0.25118000E+03      0.54420000E+02      0.33215580E+01
      0.25466000E+03      0.53960000E+02      0.33396874E+01
      0.25812000E+03      0.53440000E+02      0.33093898E+01
      0.26159000E+03      0.53020000E+02      0.33084546E+01
      0.26509000E+03      0.52540000E+02      0.33153317E+01
      0.26842000E+03      0.51870000E+02      0.33509795E+01
      0.27193000E+03      0.51280000E+02      0.34140756E+01
      0.27534000E+03      0.50960000E+02      0.33936672E+01
      0.27891000E+03      0.50680000E+02      0.33561528E+01
      0.28239000E+03      0.50540000E+02      0.33137177E+01
      0.28580000E+03      0.50260000E+02      0.33114323E+01
      0.28933000E+03      0.50170000E+02      0.33068949E+01
      0.29283000E+03      0.50040000E+02      0.32921435E+01
      0.29634000E+03      0.49820000E+02      0.32508074E+01
      0.29978000E+03      0.49580000E+02      0.32625236E+01
      0.30328000E+03      0.49400000E+02      0.32191807E+01
      0.30679000E+03      0.49240000E+02      0.32242606E+01
      0.31029000E+03      0.49010000E+02      0.32684593E+01
      0.31376000E+03      0.48850000E+02      0.32517589E+01
      0.31729000E+03      0.48720000E+02      0.31964053E+01
      0.32077000E+03      0.48660000E+02      0.31480422E+01
      0.32429000E+03      0.48570000E+02      0.31620313E+01
      0.32778000E+03      0.48440000E+02      0.31564356E+01
      0.33124000E+03      0.48370000E+02      0.31366231E+01
      0.33476000E+03      0.48300000E+02      0.30905021E+01
      0.33825000E+03      0.48180000E+02      0.30571442E+01
      0.34174000E+03      0.48050000E+02      0.30218481E+01
      0.34524000E+03      0.47940000E+02      0.30204145E+01
      0.34874000E+03      0.47890000E+02      0.30292933E+01
      0.35222000E+03      0.47970000E+02      0.29909451E+01
      0.35571000E+03      0.48170000E+02      0.29784498E+01
      0.35917000E+03      0.48620000E+02      0.30002884E+01
      0.36260000E+03      0.49400000E+02      0.30286601E+01
      0.36595000E+03      0.50190000E+02      0.30618031E+01
      0.36924000E+03      0.51430000E+02      0.31090233E+01
      0.37248000E+03      0.52840000E+02      0.30920996E+01
      0.37572000E+03      0.54020000E+02      0.31096009E+01
      0.37909000E+03      0.54830000E+02      0.30806716E+01
      0.38259000E+03      0.55210000E+02      0.30462102E+01
      0.38605000E+03      0.55490000E+02      0.29969034E+01
      0.38956000E+03      0.55830000E+02      0.29650233E+01
      0.39304000E+03      0.56010000E+02      0.28360192E+01
      0.39651000E+03      0.56300000E+02      0.27877703E+01
      0.39998000E+03      0.56740000E+02      0.27315792E+01
      0.40343000E+03      0.57260000E+02      0.27095427E+01
      0.40695000E+03      0.57320000E+02      0.26319686E+01
      0.41044000E+03      0.57240000E+02      0.25238530E+01
      0.41388000E+03      0.57140000E+02      0.24514224E+01
      0.39050000E+03      0.34150000E+02      0.51137749E+01
      0.39395000E+03      0.34120000E+02      0.52098455E+01
      0.39747000E+03      0.33920000E+02      0.52881651E+01
      0.40092000E+03      0.33680000E+02      0.52824669E+01
      0.40444000E+03      0.33370000E+02      0.52028092E+01
      0.40787000E+03      0.33040000E+02      0.51400308E+01
      0.41138000E+03      0.32740000E+02      0.50399290E+01
      0.41485000E+03      0.32380000E+02      0.49639795E+01
      0.41831000E+03      0.32130000E+02      0.49233413E+01
      0.42177000E+03      0.31830000E+02      0.48545110E+01
      0.42529000E+03      0.31470000E+02      0.46782617E+01
      0.42871000E+03      0.31110000E+02      0.45679675E+01
      0.43229000E+03      0.30750000E+02      0.46486712E+01
      0.43561000E+03      0.30320000E+02      0.47203104E+01
      0.43925000E+03      0.30040000E+02      0.47649675E+01
      0.44274000E+03      0.29720000E+02      0.48342164E+01
      0.44633000E+03      0.29670000E+02      0.48577978E+01
      0.44986000E+03      0.29370000E+02      0.48039052E+01
      0.45324000E+03      0.29190000E+02      0.47776446E+01
      0.45668000E+03      0.29040000E+02      0.47657737E+01
      0.46016000E+03      0.28710000E+02      0.47871559E+01
      0.46363000E+03      0.28590000E+02      0.48181186E+01
      0.46718000E+03      0.28420000E+02      0.48366496E+01
      0.47062000E+03      0.28330000E+02      0.48664129E+01
      0.47419000E+03      0.28180000E+02      0.48594528E+01
      0.47777000E+03      0.27910000E+02      0.48889270E+01
      0.48108000E+03      0.27650000E+02      0.48326521E+01
      0.48464000E+03      0.27430000E+02      0.48088939E+01
      0.48814000E+03      0.27180000E+02      0.48380398E+01
      0.49159000E+03      0.26720000E+02      0.47120981E+01
      0.49496000E+03      0.26680000E+02      0.47909254E+01
      0.49844000E+03      0.26570000E+02      0.47644357E+01
      0.50202000E+03      0.26250000E+02      0.46671456E+01
      0.50544000E+03      0.26120000E+02      0.46766183E+01
      0.50896000E+03      0.25970000E+02      0.46835585E+01
      0.51240000E+03      0.25760000E+02      0.47052714E+01
      0.51596000E+03      0.25610000E+02      0.46587649E+01
      0.51942000E+03      0.25360000E+02      0.46231974E+01
      0.52293000E+03      0.25190000E+02      0.46787726E+01
      0.52639000E+03      0.24980000E+02      0.46173979E+01
      0.52981000E+03      0.24810000E+02      0.45917081E+01
      0.53325000E+03      0.24760000E+02      0.45724882E+01
      0.53685000E+03      0.24630000E+02      0.45965712E+01
      0.54028000E+03      0.24620000E+02      0.45988526E+01
      0.54380000E+03      0.24450000E+02      0.45778685E+01
      0.54728000E+03      0.24400000E+02      0.46397177E+01
      0.55074000E+03      0.24290000E+02      0.46801533E+01
      0.55429000E+03      0.24100000E+02      0.46345191E+01
      0.55784000E+03      0.23960000E+02      0.46402199E+01
      0.56128000E+03      0.23850000E+02      0.46821429E+01
      0.56476000E+03      0.23720000E+02      0.47606697E+01
      0.56825000E+03      0.23490000E+02      0.47091646E+01
      0.57175000E+03      0.23410000E+02      0.47482568E+01
      0.57527000E+03      0.23230000E+02      0.47421819E+01
      0.57870000E+03      0.23070000E+02      0.47311754E+01
      0.58228000E+03      0.22910000E+02      0.47332797E+01
      0.58577000E+03      0.22540000E+02      0.47097214E+01
      0.58918000E+03      0.22230000E+02      0.46606097E+01
      0.59267000E+03      0.22210000E+02      0.47728407E+01
      0.59612000E+03      0.22120000E+02      0.48667041E+01
      0.59966000E+03      0.22010000E+02      0.48844163E+01
      0.60314000E+03      0.21870000E+02      0.48945506E+01
      0.60665000E+03      0.21810000E+02      0.49218199E+01
      0.61016000E+03      0.21650000E+02      0.49213205E+01
      0.41562000E+03      0.82200000E+02      0.24107284E+01
      0.41548000E+03      0.81240000E+02      0.23249688E+01
      0.41549000E+03      0.80400000E+02      0.22863352E+01
      0.41534000E+03      0.79360000E+02      0.22076296E+01
      0.41534000E+03      0.78330000E+02      0.21522956E+01
      0.41526000E+03      0.77380000E+02      0.21590196E+01
      0.41522000E+03      0.76390000E+02      0.21584767E+01
      0.41519000E+03      0.75340000E+02      0.21528398E+01
      0.41509000E+03      0.74380000E+02      0.21667588E+01
      0.41504000E+03      0.73350000E+02      0.21938628E+01
      0.41497000E+03      0.72320000E+02      0.22201949E+01
      0.41492000E+03      0.71380000E+02      0.22332357E+01
      0.41485000E+03      0.70370000E+02      0.22546402E+01
      0.41476000E+03      0.69450000E+02      0.22612499E+01
      0.41468000E+03      0.68460000E+02      0.22854351E+01
      0.41460000E+03      0.67500000E+02      0.23199852E+01
      0.41460000E+03      0.66390000E+02      0.23679213E+01
      0.41452000E+03      0.65420000E+02      0.23996612E+01
      0.41442000E+03      0.64400000E+02      0.24095875E+01
      0.41439000E+03      0.63460000E+02      0.24277247E+01
      0.41428000E+03      0.62470000E+02      0.24210387E+01
      0.41420000E+03      0.61520000E+02      0.24268111E+01
      0.41409000E+03      0.60490000E+02      0.24157226E+01
      0.41404000E+03      0.59440000E+02      0.24309992E+01
      0.41397000E+03      0.58510000E+02      0.24169180E+01
      0.41392000E+03      0.57530000E+02      0.24268913E+01
      0.41394000E+03      0.56530000E+02      0.25674365E+01
      0.41380000E+03      0.55600000E+02      0.28911245E+01
      0.41359000E+03      0.54610000E+02      0.32832361E+01
      0.41358000E+03      0.53730000E+02      0.36048982E+01
      0.41351000E+03      0.52790000E+02      0.38865122E+01
      0.41342000E+03      0.51760000E+02      0.41032811E+01
      0.41320000E+03      0.50630000E+02      0.41655486E+01
      0.41309000E+03      0.49650000E+02      0.42082575E+01
      0.41297000E+03      0.48740000E+02      0.43262431E+01
      0.41291000E+03      0.47790000E+02      0.46903565E+01
      0.41279000E+03      0.46910000E+02      0.50395366E+01
      0.41263000E+03      0.46070000E+02      0.53487539E+01
      0.41262000E+03      0.45010000E+02      0.57095960E+01
      0.41250000E+03      0.44070000E+02      0.60523565E+01
      0.41241000E+03      0.43110000E+02      0.63813086E+01
      0.41230000E+03      0.42160000E+02      0.66888873E+01
      0.41223000E+03      0.41210000E+02      0.69359678E+01
      0.41217000E+03      0.40110000E+02      0.70244832E+01
      0.41211000E+03      0.39140000E+02      0.70326579E+01
      0.41202000E+03      0.38160000E+02      0.70012244E+01
      0.41189000E+03      0.37180000E+02      0.67991806E+01
      0.41192000E+03      0.36210000E+02      0.64404063E+01
      0.41184000E+03      0.35330000E+02      0.60833908E+01
      0.41177000E+03      0.34380000E+02      0.57095542E+01
      0.41172000E+03      0.33450000E+02      0.53340476E+01
      0.41167000E+03      0.32500000E+02      0.49484779E+01
      0.41153000E+03      0.31650000E+02      0.45878992E+01
      0.41149000E+03      0.30720000E+02      0.42170412E+01
      0.41141000E+03      0.29710000E+02      0.38732108E+01
      0.39047000E+03      0.69260000E+02      0.28771153E+01
      0.39056000E+03      0.68350000E+02      0.29300944E+01
      0.39054000E+03      0.67370000E+02      0.28357593E+01
      0.39060000E+03      0.66370000E+02      0.27680785E+01
      0.39057000E+03      0.65350000E+02      0.27881701E+01
      0.39060000E+03      0.64390000E+02      0.28412778E+01
      0.39067000E+03      0.63370000E+02      0.28830742E+01
      0.39065000E+03      0.62350000E+02      0.29100499E+01
      0.39068000E+03      0.61370000E+02      0.29403142E+01
      0.39074000E+03      0.60340000E+02      0.29433186E+01
      0.39075000E+03      0.59350000E+02      0.29458322E+01
      0.39077000E+03      0.58400000E+02      0.29485273E+01
      0.39075000E+03      0.57400000E+02      0.29320052E+01
      0.39075000E+03      0.56410000E+02      0.29111103E+01
      0.39076000E+03      0.55350000E+02      0.29420014E+01
      0.39079000E+03      0.54430000E+02      0.30196426E+01
      0.39078000E+03      0.53390000E+02      0.33115024E+01
      0.39082000E+03      0.52440000E+02      0.36496050E+01
      0.39083000E+03      0.51480000E+02      0.40057688E+01
      0.39085000E+03      0.50550000E+02      0.43415425E+01
      0.39084000E+03      0.49620000E+02      0.47145393E+01
      0.39082000E+03      0.48670000E+02      0.50859767E+01
      0.39081000E+03      0.47700000E+02      0.54524186E+01
      0.39079000E+03      0.46790000E+02      0.57844804E+01
      0.39079000E+03      0.45880000E+02      0.61156733E+01
      0.39080000E+03      0.44900000E+02      0.64338064E+01
      0.39081000E+03      0.43970000E+02      0.67275019E+01
      0.39083000E+03      0.43020000E+02      0.69845334E+01
      0.39084000E+03      0.42020000E+02      0.70656885E+01
      0.39083000E+03      0.41000000E+02      0.70655762E+01
      0.39084000E+03      0.40020000E+02      0.70985083E+01
      0.39096000E+03      0.39030000E+02      0.69912671E+01
      0.39103000E+03      0.38090000E+02      0.67016005E+01
      0.39112000E+03      0.37130000E+02      0.63366935E+01
      0.39119000E+03      0.36230000E+02      0.59799587E+01
      0.39117000E+03      0.35300000E+02      0.56110549E+01
      0.39131000E+03      0.34370000E+02      0.52368550E+01
      0.39126000E+03      0.33410000E+02      0.48314367E+01
      0.39134000E+03      0.32500000E+02      0.44290893E+01
      0.39156000E+03      0.31530000E+02      0.40923060E+01
      0.39156000E+03      0.30510000E+02      0.37840920E+01
      0.39164000E+03      0.29680000E+02      0.35285783E+01
      0.39184000E+03      0.28530000E+02      0.32739090E+01
      0.39188000E+03      0.27590000E+02      0.32465201E+01
      0.39203000E+03      0.26570000E+02      0.33083914E+01
      0.39204000E+03      0.25640000E+02      0.33257710E+01
      0.39215000E+03      0.24580000E+02      0.33323630E+01
      0.39215000E+03      0.23600000E+02      0.33441639E+01
      0.39223000E+03      0.22600000E+02      0.33424605E+01
      0.39222000E+03      0.21620000E+02      0.33419879E+01
      0.39226000E+03      0.20570000E+02      0.33214812E+01
      0.39240000E+03      0.19610000E+02      0.32719012E+01
      0.39246000E+03      0.18600000E+02      0.32628946E+01
      0.39257000E+03      0.17590000E+02      0.32693359E+01
      0.39259000E+03      0.16570000E+02      0.32521818E+01
      0.39256000E+03      0.15630000E+02      0.32401963E+01
      0.39261000E+03      0.14630000E+02      0.32754484E+01
      0.39266000E+03      0.13580000E+02      0.32718473E+01
      0.39276000E+03      0.12610000E+02      0.32774586E+01
      0.39274000E+03      0.11650000E+02      0.32723275E+01
      0.39287000E+03      0.10630000E+02      0.32602541E+01
      0.39295000E+03      0.96000000E+01      0.32429852E+01
      0.39302000E+03      0.86300000E+01      0.32548331E+01
      0.39300000E+03      0.77100000E+01      0.31885528E+01
      0.33142000E+03      0.61800000E+02      0.29291589E+01
      0.33138000E+03      0.60940000E+02      0.30663351E+01
      0.33132000E+03      0.59910000E+02      0.29991703E+01
      0.33128000E+03      0.58960000E+02      0.29139109E+01
      0.33123000E+03      0.57920000E+02      0.29084738E+01
      0.33110000E+03      0.56930000E+02      0.29047850E+01
      0.33108000E+03      0.55910000E+02      0.29150173E+01
      0.33104000E+03      0.54960000E+02      0.29339250E+01
      0.33098000E+03      0.53920000E+02      0.29232861E+01
      0.33097000E+03      0.52890000E+02      0.29450424E+01
      0.33091000E+03      0.51920000E+02      0.29470002E+01
      0.33080000E+03      0.50970000E+02      0.29602564E+01
      0.33081000E+03      0.49920000E+02      0.29876455E+01
      0.33077000E+03      0.48900000E+02      0.30817613E+01
      0.33074000E+03      0.47880000E+02      0.32056666E+01
      0.33068000E+03      0.46910000E+02      0.33912577E+01
      0.33061000E+03      0.45910000E+02      0.36956534E+01
      0.33059000E+03      0.45020000E+02      0.40000577E+01
      0.33048000E+03      0.43980000E+02      0.43632664E+01
      0.33044000E+03      0.43070000E+02      0.46900202E+01
      0.33037000E+03      0.42100000E+02      0.50647276E+01
      0.33035000E+03      0.41170000E+02      0.54293328E+01
      0.33032000E+03      0.40290000E+02      0.57679119E+01
      0.33030000E+03      0.39350000E+02      0.61447092E+01
      0.33026000E+03      0.38470000E+02      0.65337165E+01
      0.33024000E+03      0.37470000E+02      0.69205587E+01
      0.33022000E+03      0.36620000E+02      0.71915672E+01
      0.33020000E+03      0.35610000E+02      0.73496994E+01
      0.33017000E+03      0.34610000E+02      0.73650385E+01
      0.33017000E+03      0.33620000E+02      0.73761610E+01
      0.33010000E+03      0.32610000E+02      0.73380657E+01
      0.33010000E+03      0.31700000E+02      0.71411554E+01
      0.33005000E+03      0.30760000E+02      0.68188777E+01
      0.33000000E+03      0.29820000E+02      0.64558633E+01
      0.33004000E+03      0.28880000E+02      0.60716320E+01
      0.32999000E+03      0.27970000E+02      0.56929325E+01
      0.32993000E+03      0.27040000E+02      0.53003296E+01
      0.32998000E+03      0.26050000E+02      0.48892974E+01
      0.32997000E+03      0.25160000E+02      0.45092635E+01
      0.33002000E+03      0.24310000E+02      0.41358259E+01
      0.33004000E+03      0.23420000E+02      0.37845137E+01
      0.33016000E+03      0.22480000E+02      0.35368829E+01
      0.28274000E+03      0.63620000E+02      0.28768488E+01
      0.28261000E+03      0.62700000E+02      0.29757261E+01
      0.28249000E+03      0.61710000E+02      0.29979726E+01
      0.28238000E+03      0.60750000E+02      0.30104736E+01
      0.28228000E+03      0.59830000E+02      0.30520549E+01
      0.28227000E+03      0.58760000E+02      0.31126322E+01
      0.28222000E+03      0.57820000E+02      0.31418452E+01
      0.28214000E+03      0.56790000E+02      0.31727213E+01
      0.28209000E+03      0.55820000E+02      0.32158092E+01
      0.28201000E+03      0.54830000E+02      0.32276006E+01
      0.28195000E+03      0.53800000E+02      0.32395905E+01
      0.28192000E+03      0.52850000E+02      0.32614071E+01
      0.28186000E+03      0.51830000E+02      0.32715205E+01
      0.28174000E+03      0.50800000E+02      0.32984105E+01
      0.28172000E+03      0.49850000E+02      0.33801467E+01
      0.28164000E+03      0.48810000E+02      0.36579538E+01
      0.28159000E+03      0.47890000E+02      0.39948996E+01
      0.28158000E+03      0.46860000E+02      0.43452740E+01
      0.28154000E+03      0.45950000E+02      0.46762101E+01
      0.28151000E+03      0.44950000E+02      0.50601079E+01
      0.28150000E+03      0.44060000E+02      0.53991473E+01
      0.28144000E+03      0.43120000E+02      0.57575517E+01
      0.28132000E+03      0.42200000E+02      0.61093106E+01
      0.28128000E+03      0.41270000E+02      0.64777247E+01
      0.28122000E+03      0.40320000E+02      0.69031060E+01
      0.28112000E+03      0.39390000E+02      0.72623514E+01
      0.28104000E+03      0.38470000E+02      0.75178657E+01
      0.28095000E+03      0.37470000E+02      0.75755904E+01
      0.28091000E+03      0.36570000E+02      0.75729294E+01
      0.28089000E+03      0.35520000E+02      0.75847496E+01
      0.28071000E+03      0.34590000E+02      0.74927221E+01
      0.28073000E+03      0.33650000E+02      0.71961869E+01
      0.28064000E+03      0.32690000E+02      0.68150623E+01
      0.28057000E+03      0.31750000E+02      0.64307193E+01
      0.28052000E+03      0.30780000E+02      0.60288548E+01
      0.28051000E+03      0.29880000E+02      0.56473113E+01
      0.28048000E+03      0.28980000E+02      0.52731424E+01
      0.28043000E+03      0.28050000E+02      0.49101555E+01
      0.28042000E+03      0.27080000E+02      0.45072431E+01
      0.28044000E+03      0.26160000E+02      0.41608777E+01
      0.28037000E+03      0.25230000E+02      0.38218026E+01
      0.28018000E+03      0.24400000E+02      0.35893788E+01
      0.23482000E+03      0.66380000E+02      0.31872267E+01
      0.23472000E+03      0.65370000E+02      0.31300907E+01
      0.23461000E+03      0.64490000E+02      0.31170124E+01
      0.23446000E+03      0.63430000E+02      0.31188006E+01
      0.23429000E+03      0.62420000E+02      0.31312286E+01
      0.23410000E+03      0.61470000E+02      0.31283747E+01
      0.23401000E+03      0.60440000E+02      0.31529965E+01
      0.23388000E+03      0.59500000E+02      0.31751375E+01
      0.23376000E+03      0.58440000E+02      0.31855100E+01
      0.23358000E+03      0.57550000E+02      0.31796011E+01
      0.23342000E+03      0.56500000E+02      0.32009117E+01
      0.23332000E+03      0.55490000E+02      0.32126524E+01
      0.23312000E+03      0.54450000E+02      0.33014281E+01
      0.23297000E+03      0.53490000E+02      0.34657291E+01
      0.23284000E+03      0.52560000E+02      0.37957854E+01
      0.23261000E+03      0.51600000E+02      0.41413106E+01
      0.23251000E+03      0.50690000E+02      0.44907506E+01
      0.23233000E+03      0.49740000E+02      0.48515194E+01
      0.23224000E+03      0.48860000E+02      0.51976087E+01
      0.23206000E+03      0.47840000E+02      0.55835919E+01
      0.23198000E+03      0.46850000E+02      0.59695459E+01
      0.23194000E+03      0.45970000E+02      0.62731628E+01
      0.23182000E+03      0.45050000E+02      0.66209400E+01
      0.23163000E+03      0.44080000E+02      0.70304814E+01
      0.23153000E+03      0.43200000E+02      0.73952393E+01
      0.23141000E+03      0.42310000E+02      0.76455698E+01
      0.23100000E+03      0.41340000E+02      0.76357016E+01
      0.23077000E+03      0.40370000E+02      0.76318461E+01
      0.23044000E+03      0.39460000E+02      0.76068932E+01
      0.23030000E+03      0.38540000E+02      0.74532435E+01
      0.23004000E+03      0.37580000E+02      0.71105564E+01
      0.22986000E+03      0.36670000E+02      0.67585661E+01
      0.22956000E+03      0.35790000E+02      0.64139545E+01
      0.22936000E+03      0.34880000E+02      0.60537791E+01
      0.22919000E+03      0.33930000E+02      0.56616452E+01
      0.22898000E+03      0.33020000E+02      0.52756965E+01
      0.22879000E+03      0.32170000E+02      0.49350165E+01
      0.22857000E+03      0.31200000E+02      0.45152373E+01
      0.22822000E+03      0.30370000E+02      0.41356633E+01
      0.22790000E+03      0.29540000E+02      0.38584699E+01
      0.18422000E+03      0.68650000E+02      0.27244554E+01
      0.18413000E+03      0.67710000E+02      0.28836179E+01
      0.18410000E+03      0.66680000E+02      0.31133614E+01
      0.18399000E+03      0.65780000E+02      0.33790579E+01
      0.18382000E+03      0.64830000E+02      0.37153238E+01
      0.18374000E+03      0.63930000E+02      0.40471823E+01
      0.18369000E+03      0.63070000E+02      0.43506450E+01
      0.18350000E+03      0.62060000E+02      0.47292340E+01
      0.18344000E+03      0.61150000E+02      0.50852215E+01
      0.18328000E+03      0.60150000E+02      0.54552314E+01
      0.18320000E+03      0.59240000E+02      0.58165879E+01
      0.18312000E+03      0.58330000E+02      0.61908195E+01
      0.18301000E+03      0.57460000E+02      0.65307566E+01
      0.18294000E+03      0.56470000E+02      0.69482715E+01
      0.18282000E+03      0.55560000E+02      0.73003113E+01
      0.18281000E+03      0.54620000E+02      0.74315127E+01
      0.18268000E+03      0.53660000E+02      0.74331934E+01
      0.18252000E+03      0.52680000E+02      0.74425847E+01
      0.18240000E+03      0.51680000E+02      0.74165459E+01
      0.18229000E+03      0.50740000E+02      0.72228874E+01
      0.18227000E+03      0.49790000E+02      0.68589283E+01
      0.18216000E+03      0.48890000E+02      0.64810865E+01
      0.18216000E+03      0.47900000E+02      0.60552425E+01
      0.18212000E+03      0.46990000E+02      0.56649836E+01
      0.18204000E+03      0.46050000E+02      0.52837144E+01
      0.18193000E+03      0.45160000E+02      0.49182867E+01
      0.18181000E+03      0.44230000E+02      0.45353117E+01
      0.18172000E+03      0.43340000E+02      0.41784143E+01
      0.18159000E+03      0.42420000E+02      0.38114666E+01
      0.18143000E+03      0.41530000E+02      0.35005575E+01
      0.13218000E+03      0.69210000E+02      0.25809377E+01
      0.13225000E+03      0.68370000E+02      0.27525264E+01
      0.13226000E+03      0.67420000E+02      0.30327860E+01
      0.13233000E+03      0.66480000E+02      0.33563281E+01
      0.13240000E+03      0.65550000E+02      0.37314054E+01
      0.13245000E+03      0.64600000E+02      0.41186124E+01
      0.13251000E+03      0.63700000E+02      0.44877227E+01
      0.13249000E+03      0.62780000E+02      0.48745905E+01
      0.13255000E+03      0.61800000E+02      0.52903722E+01
      0.13254000E+03      0.60940000E+02      0.56357117E+01
      0.13258000E+03      0.59980000E+02      0.60160324E+01
      0.13264000E+03      0.59050000E+02      0.64184690E+01
      0.13265000E+03      0.58160000E+02      0.67308022E+01
      0.13261000E+03      0.57180000E+02      0.69954961E+01
      0.13259000E+03      0.56250000E+02      0.71020961E+01
      0.13252000E+03      0.55280000E+02      0.71380675E+01
      0.13240000E+03      0.54250000E+02      0.71385868E+01
      0.13236000E+03      0.53290000E+02      0.70475808E+01
      0.13226000E+03      0.52350000E+02      0.67976801E+01
      0.13212000E+03      0.51430000E+02      0.64308002E+01
      0.13206000E+03      0.50550000E+02      0.60568932E+01
      0.13191000E+03      0.49610000E+02      0.56804421E+01
      0.13182000E+03      0.48680000E+02      0.52982533E+01
      0.13175000E+03      0.47790000E+02      0.49400604E+01
      0.13160000E+03      0.46860000E+02      0.45733955E+01
      0.13149000E+03      0.45970000E+02      0.42275101E+01
      0.13140000E+03      0.44970000E+02      0.38882044E+01
      0.13122000E+03      0.44220000E+02      0.37036418E+01
      0.13085000E+03      0.42970000E+02      0.33916479E+01
      0.13102000E+03      0.42090000E+02      0.32460707E+01
      0.13090000E+03      0.41080000E+02      0.31923132E+01
      0.13081000E+03      0.40040000E+02      0.32244863E+01
      0.13080000E+03      0.39070000E+02      0.32613833E+01
      0.13069000E+03      0.38040000E+02      0.32511583E+01
      0.13061000E+03      0.37060000E+02      0.32449699E+01
      0.13055000E+03      0.36060000E+02      0.32592579E+01
      0.13048000E+03      0.35080000E+02      0.32257825E+01
      0.13038000E+03      0.34120000E+02      0.31537922E+01
      0.13030000E+03      0.33120000E+02      0.30802688E+01
      0.13017000E+03      0.32070000E+02      0.30352378E+01
      0.13010000E+03      0.31120000E+02      0.30767439E+01
      0.13001000E+03      0.30160000E+02      0.31486949E+01
      0.12991000E+03      0.29190000E+02      0.31814416E+01
      0.12978000E+03      0.28160000E+02      0.32142675E+01
      0.12967000E+03      0.27190000E+02      0.31959690E+01
      0.12950000E+03      0.26210000E+02      0.31296904E+01
      0.12936000E+03      0.25190000E+02      0.31083339E+01
      0.12925000E+03      0.24220000E+02      0.31639691E+01
      0.12911000E+03      0.23200000E+02      0.32360294E+01
      0.81730000E+02      0.70550000E+02      0.47614085E+01
      0.81780000E+02      0.69620000E+02      0.47436938E+01
      0.81880000E+02      0.68620000E+02      0.47331621E+01
      0.81940000E+02      0.67620000E+02      0.47486133E+01
      0.82050000E+02      0.66620000E+02      0.46813296E+01
      0.82090000E+02      0.65640000E+02      0.46535728E+01
      0.82160000E+02      0.64630000E+02      0.46293994E+01
      0.82200000E+02      0.63610000E+02      0.46815222E+01
      0.82250000E+02      0.62680000E+02      0.48386793E+01
      0.82300000E+02      0.61700000E+02      0.51498832E+01
      0.82410000E+02      0.60780000E+02      0.55395337E+01
      0.82410000E+02      0.59810000E+02      0.59551815E+01
      0.82450000E+02      0.58930000E+02      0.63320444E+01
      0.82530000E+02      0.58060000E+02      0.66636383E+01
      0.82540000E+02      0.57110000E+02      0.69112918E+01
      0.82580000E+02      0.56150000E+02      0.69415084E+01
      0.82630000E+02      0.55160000E+02      0.69456774E+01
      0.82700000E+02      0.54160000E+02      0.68968729E+01
      0.82790000E+02      0.53230000E+02      0.67004933E+01
      0.82750000E+02      0.52340000E+02      0.63491828E+01
      0.82730000E+02      0.51410000E+02      0.59783178E+01
      0.82800000E+02      0.50460000E+02      0.55890216E+01
      0.82780000E+02      0.49560000E+02      0.52178729E+01
      0.82800000E+02      0.48620000E+02      0.48200020E+01
      0.82780000E+02      0.47670000E+02      0.44398677E+01
      0.82700000E+02      0.46690000E+02      0.40484777E+01
      0.82680000E+02      0.45770000E+02      0.37151148E+01
      0.82740000E+02      0.44710000E+02      0.35273598E+01
      0.82670000E+02      0.43720000E+02      0.34447841E+01
      0.82660000E+02      0.42720000E+02      0.34321609E+01
      0.82660000E+02      0.41710000E+02      0.34034147E+01
      0.82680000E+02      0.40760000E+02      0.34052841E+01
      0.82710000E+02      0.39780000E+02      0.33795011E+01
      0.82700000E+02      0.38730000E+02      0.33714064E+01
      0.82730000E+02      0.37800000E+02      0.33763553E+01
      0.82750000E+02      0.36810000E+02      0.33701485E+01
      0.82800000E+02      0.35810000E+02      0.33491799E+01
      0.82840000E+02      0.34790000E+02      0.33386713E+01
      0.82860000E+02      0.33800000E+02      0.33146286E+01
      0.82940000E+02      0.32790000E+02      0.32980696E+01
      0.83090000E+02      0.31800000E+02      0.32959346E+01
      0.83130000E+02      0.30770000E+02      0.32957629E+01
      0.83230000E+02      0.29810000E+02      0.33010612E+01
      0.83340000E+02      0.28840000E+02      0.32903667E+01
      0.83420000E+02      0.27820000E+02      0.32692016E+01
      0.83470000E+02      0.26880000E+02      0.32612327E+01
      0.83530000E+02      0.25880000E+02      0.32478286E+01
      0.83580000E+02      0.24900000E+02      0.32640820E+01
      0.83600000E+02      0.23860000E+02      0.32605207E+01
