My beautiful 3D survey

1	0	1	<< job_type, singularity_type, res_matrix

0	<< num_regions
res0.dat

1	0	<< inverse_type, target_decrease
1	0	<< data_type, reg_mode

1.0	10	2	1	<< tolerance, max_iterations, error_mod, alpha_aniso

0	0	-10000000000.0	10000000000.0	<<  a_wgt, b_wgt, rho_min, rho_max

-47.84774005367967	7.645661611207288	<<zmin, zmax
5	<< num_poly
0.0	82.19758037623251
610.1592173877289	82.19758037623251
610.1592173877289	0.0
0.0	0.0
0.0	82.19758037623251

792	<< num_electrodes
1 1	17
1 2	18
1 3	19
1 4	20
1 5	21
1 6	22
1 7	23
1 8	24
1 9	25
1 10	26
1 11	27
1 12	28
1 13	29
1 14	30
1 15	31
1 16	32
1 17	33
1 18	34
1 19	35
1 20	36
1 21	37
1 22	38
1 23	39
1 24	40
1 25	41
1 26	42
1 27	43
1 28	44
1 29	45
1 30	46
1 31	47
1 32	48
1 33	49
1 34	50
1 35	51
1 36	52
1 37	53
1 38	54
1 39	55
1 40	56
1 41	57
1 42	58
1 43	59
1 44	60
1 45	61
1 46	62
1 47	63
1 48	64
1 49	65
1 50	66
1 51	67
1 52	68
1 53	69
1 54	70
1 55	71
1 56	72
1 57	73
1 58	74
1 59	75
1 60	76
1 61	77
1 62	78
1 63	79
1 64	80
1 65	81
1 66	82
1 67	83
1 68	84
1 69	85
1 70	86
1 71	87
1 72	88
1 73	89
1 74	90
1 75	91
1 76	92
1 77	93
1 78	94
1 79	95
1 80	96
1 81	97
1 82	98
1 83	99
1 84	100
1 85	101
1 86	102
1 87	103
1 88	104
1 89	105
1 90	106
1 91	107
1 92	108
1 93	109
1 94	110
1 95	111
1 96	112
1 97	113
1 98	114
1 99	115
1 100	116
1 101	117
1 102	118
1 103	119
1 104	120
1 105	121
1 106	122
1 107	123
1 108	124
1 109	125
1 110	126
1 111	127
1 112	128
1 113	129
1 114	130
1 115	131
1 116	132
1 117	133
1 118	134
1 119	135
1 120	136
1 121	137
1 122	138
1 123	139
1 124	140
1 125	141
1 126	142
1 127	143
1 128	144
2 1	145
2 2	146
2 3	147
2 4	148
2 5	149
2 6	150
2 7	151
2 8	152
2 9	153
2 10	154
2 11	155
2 12	156
2 13	157
2 14	158
2 15	159
2 16	160
2 17	161
2 18	162
2 19	163
2 20	164
2 21	165
2 22	166
2 23	167
2 24	168
2 25	169
2 26	170
2 27	171
2 28	172
2 29	173
2 30	174
2 31	175
2 32	176
2 33	177
2 34	178
2 35	179
2 36	180
2 37	181
2 38	182
2 39	183
2 40	184
2 41	185
2 42	186
2 43	187
2 44	188
2 45	189
2 46	190
2 47	191
2 48	192
2 49	193
2 50	194
2 51	195
2 52	196
2 53	197
2 54	198
2 55	199
2 56	200
2 57	201
2 58	202
2 59	203
2 60	204
2 61	205
2 62	206
2 63	207
2 64	208
2 65	209
2 66	210
2 67	211
2 68	212
2 69	213
2 70	214
2 71	215
2 72	216
2 73	217
2 74	218
2 75	219
2 76	220
2 77	221
2 78	222
2 79	223
2 80	224
2 81	225
2 82	226
2 83	227
2 84	228
2 85	229
2 86	230
2 87	231
2 88	232
2 89	233
2 90	234
2 91	235
2 92	236
2 93	237
2 94	238
2 95	239
2 96	240
2 97	241
2 98	242
2 99	243
2 100	244
2 101	245
2 102	246
2 103	247
2 104	248
2 105	249
2 106	250
2 107	251
2 108	252
2 109	253
2 110	254
2 111	255
2 112	256
2 113	257
2 114	258
2 115	259
2 116	260
2 117	261
2 118	262
2 119	263
2 120	264
2 121	265
2 122	266
2 123	267
2 124	268
2 125	269
2 126	270
2 127	271
2 128	272
3 1	273
3 2	274
3 3	275
3 4	276
3 5	277
3 6	278
3 7	279
3 8	280
3 9	281
3 10	282
3 11	283
3 12	284
3 13	285
3 14	286
3 15	287
3 16	288
3 17	289
3 18	290
3 19	291
3 20	292
3 21	293
3 22	294
3 23	295
3 24	296
3 25	297
3 26	298
3 27	299
3 28	300
3 29	301
3 30	302
3 31	303
3 32	304
3 33	305
3 34	306
3 35	307
3 36	308
3 37	309
3 38	310
3 39	311
3 40	312
3 41	313
3 42	314
3 43	315
3 44	316
3 45	317
3 46	318
3 47	319
3 48	320
3 49	321
3 50	322
3 51	323
3 52	324
3 53	325
3 54	326
3 55	327
3 56	328
3 57	329
3 58	330
3 59	331
3 60	332
3 61	333
3 62	334
3 63	335
3 64	336
3 65	337
3 66	338
3 67	339
3 68	340
3 69	341
3 70	342
3 71	343
3 72	344
3 73	345
3 74	346
3 75	347
3 76	348
3 77	349
3 78	350
3 79	351
3 80	352
3 81	353
3 82	354
3 83	355
3 84	356
3 85	357
3 86	358
3 87	359
3 88	360
3 89	361
3 90	362
3 91	363
3 92	364
3 93	365
3 94	366
3 95	367
3 96	368
3 97	369
3 98	370
3 99	371
3 100	372
3 101	373
4 1	374
4 2	375
4 3	376
4 4	377
4 5	378
4 6	379
4 7	380
4 8	381
4 9	382
4 10	383
4 11	384
4 12	385
4 13	386
4 14	387
4 15	388
4 16	389
4 17	390
4 18	391
4 19	392
4 20	393
4 21	394
4 22	395
4 23	396
4 24	397
4 25	398
4 26	399
4 27	400
4 28	401
4 29	402
4 30	403
4 31	404
4 32	405
4 33	406
4 34	407
4 35	408
4 36	409
4 37	410
4 38	411
4 39	412
4 40	413
4 41	414
4 42	415
4 43	416
4 44	417
4 45	418
4 46	419
4 47	420
4 48	421
4 49	422
4 50	423
4 51	424
4 52	425
4 53	426
4 54	427
4 55	428
4 56	429
4 57	430
4 58	431
4 59	432
4 60	433
4 61	434
4 62	435
4 63	436
4 64	437
5 1	438
5 2	439
5 3	440
5 4	441
5 5	442
5 6	443
5 7	444
5 8	445
5 9	446
5 10	447
5 11	448
5 12	449
5 13	450
5 14	451
5 15	452
5 16	453
5 17	454
5 18	455
5 19	456
5 20	457
5 21	458
5 22	459
5 23	460
5 24	461
5 25	462
5 26	463
5 27	464
5 28	465
5 29	466
5 30	467
5 31	468
5 32	469
5 33	470
5 34	471
5 35	472
5 36	473
5 37	474
5 38	475
5 39	476
5 40	477
5 41	478
5 42	479
5 43	480
5 44	481
5 45	482
5 46	483
5 47	484
5 48	485
5 49	486
5 50	487
5 51	488
5 52	489
5 53	490
5 54	491
5 55	492
6 1	493
6 2	494
6 3	495
6 4	496
6 5	497
6 6	498
6 7	499
6 8	500
6 9	501
6 10	502
6 11	503
6 12	504
6 13	505
6 14	506
6 15	507
6 16	508
6 17	509
6 18	510
6 19	511
6 20	512
6 21	513
6 22	514
6 23	515
6 24	516
6 25	517
6 26	518
6 27	519
6 28	520
6 29	521
6 30	522
6 31	523
6 32	524
6 33	525
6 34	526
6 35	527
6 36	528
6 37	529
6 38	530
6 39	531
6 40	532
6 41	533
6 42	534
6 43	535
6 44	536
6 45	537
6 46	538
6 47	539
6 48	540
6 49	541
6 50	542
6 51	543
6 52	544
6 53	545
6 54	546
6 55	547
6 56	548
6 57	549
6 58	550
6 59	551
6 60	552
6 61	553
6 62	554
6 63	555
6 64	556
7 1	557
7 2	558
7 3	559
7 4	560
7 5	561
7 6	562
7 7	563
7 8	564
7 9	565
7 10	566
7 11	567
7 12	568
7 13	569
7 14	570
7 15	571
7 16	572
7 17	573
7 18	574
7 19	575
7 20	576
7 21	577
7 22	578
7 23	579
7 24	580
7 25	581
7 26	582
7 27	583
7 28	584
7 29	585
7 30	586
7 31	587
7 32	588
7 33	589
7 34	590
7 35	591
7 36	592
7 37	593
7 38	594
7 39	595
7 40	596
7 41	597
7 42	598
8 1	599
8 2	600
8 3	601
8 4	602
8 5	603
8 6	604
8 7	605
8 8	606
8 9	607
8 10	608
8 11	609
8 12	610
8 13	611
8 14	612
8 15	613
8 16	614
8 17	615
8 18	616
8 19	617
8 20	618
8 21	619
8 22	620
8 23	621
8 24	622
8 25	623
8 26	624
8 27	625
8 28	626
8 29	627
8 30	628
8 31	629
8 32	630
8 33	631
8 34	632
8 35	633
8 36	634
8 37	635
8 38	636
8 39	637
8 40	638
8 41	639
8 42	640
9 1	641
9 2	642
9 3	643
9 4	644
9 5	645
9 6	646
9 7	647
9 8	648
9 9	649
9 10	650
9 11	651
9 12	652
9 13	653
9 14	654
9 15	655
9 16	656
9 17	657
9 18	658
9 19	659
9 20	660
9 21	661
9 22	662
9 23	663
9 24	664
9 25	665
9 26	666
9 27	667
9 28	668
9 29	669
9 30	670
9 31	671
9 32	672
9 33	673
9 34	674
9 35	675
9 36	676
9 37	677
9 38	678
9 39	679
9 40	680
10 1	681
10 2	682
10 3	683
10 4	684
10 5	685
10 6	686
10 7	687
10 8	688
10 9	689
10 10	690
10 11	691
10 12	692
10 13	693
10 14	694
10 15	695
10 16	696
10 17	697
10 18	698
10 19	699
10 20	700
10 21	701
10 22	702
10 23	703
10 24	704
10 25	705
10 26	706
10 27	707
10 28	708
10 29	709
10 30	710
11 1	711
11 2	712
11 3	713
11 4	714
11 5	715
11 6	716
11 7	717
11 8	718
11 9	719
11 10	720
11 11	721
11 12	722
11 13	723
11 14	724
11 15	725
11 16	726
11 17	727
11 18	728
11 19	729
11 20	730
11 21	731
11 22	732
11 23	733
11 24	734
11 25	735
11 26	736
11 27	737
11 28	738
11 29	739
11 30	740
11 31	741
11 32	742
11 33	743
11 34	744
11 35	745
11 36	746
11 37	747
11 38	748
11 39	749
11 40	750
11 41	751
11 42	752
11 43	753
11 44	754
11 45	755
11 46	756
11 47	757
11 48	758
11 49	759
12 1	760
12 2	761
12 3	762
12 4	763
12 5	764
12 6	765
12 7	766
12 8	767
12 9	768
12 10	769
12 11	770
12 12	771
12 13	772
12 14	773
12 15	774
12 16	775
12 17	776
12 18	777
12 19	778
12 20	779
12 21	780
12 22	781
12 23	782
12 24	783
12 25	784
12 26	785
12 27	786
12 28	787
12 29	788
12 30	789
12 31	790
12 32	791
12 33	792
12 34	793
12 35	794
12 36	795
12 37	796
12 38	797
12 39	798
12 40	799
12 41	800
12 42	801
12 43	802
12 44	803
12 45	804
12 46	805
12 47	806
12 48	807
12 49	808

