1952
1	2	1	3	4	0.3075
2	2	1	4	5	0.0809
3	2	1	5	6	0.03215
4	2	1	6	7	0.0264
5	2	1	7	8	0.01565
6	2	1	8	9	0.009445
7	2	1	9	10	0.005625
8	3	2	4	5	0.2365
9	3	2	5	6	0.06435
10	3	2	7	8	0.01695
11	3	2	8	9	0.007890000000000001
12	3	2	9	10	0.008305
13	3	1	5	7	0.15
14	3	1	7	9	0.0537
15	3	1	9	11	0.022449999999999998
16	4	3	5	6	0.2485
17	4	3	6	7	0.09315
18	4	3	7	8	0.0387
19	4	3	8	9	0.019549999999999998
20	4	3	9	10	0.01105
21	4	3	10	11	0.0055899999999999995
22	4	2	6	8	0.1785
23	4	2	8	10	0.04665
24	4	2	14	16	0.003995
25	4	1	7	10	0.1315
26	4	1	10	13	0.02625
27	4	1	13	16	0.008879999999999999
28	4	1	16	19	0.00489
29	5	4	6	7	0.34800000000000003
30	5	4	7	8	0.08375
31	5	4	8	9	0.0411
32	5	4	9	10	0.01405
33	5	4	10	11	0.006535
34	5	4	13	14	0.0022900000000000004
35	5	3	7	9	0.187
36	5	3	9	11	0.03545
37	5	3	11	13	0.0145
38	5	3	19	21	0.003235
39	5	2	8	11	0.11850000000000001
40	5	2	11	14	0.0194
41	5	2	14	17	0.007795
42	5	2	17	20	0.005145
43	5	1	9	13	0.0796
44	5	1	13	17	0.014799999999999999
45	5	1	17	21	0.006675
46	5	1	21	25	0.00181
47	5	1	25	29	0.000542
48	5	1	33	37	0.0003685
49	5	1	37	41	0.000255
50	6	5	7	8	0.387
51	6	5	8	9	0.106
52	6	5	9	10	0.0377
53	6	5	10	11	0.01565
54	6	5	13	14	0.003405
55	6	4	8	10	0.1985
56	6	2	10	14	0.0701
57	6	2	22	26	0.001745
58	6	2	34	38	0.0003405
59	6	2	38	42	0.0001875
60	6	1	21	26	0.00298
61	6	1	26	31	0.00145
62	6	1	36	41	0.000549
63	7	6	8	9	0.497
64	7	6	9	10	0.122
65	7	6	10	11	0.04115
66	7	6	13	14	0.006455
67	7	5	9	11	0.2105
68	7	5	11	13	0.04485
69	7	5	19	21	0.002025
70	7	4	10	13	0.11449999999999999
71	7	4	13	16	0.024050000000000002
72	7	4	16	19	0.00954
73	7	4	28	31	0.00254
74	7	3	35	39	0.0004395
75	7	2	17	22	0.01125
76	7	2	22	27	0.002765
77	7	2	27	32	0.00133
78	7	2	37	42	0.000385
79	7	1	13	19	0.0468
80	7	1	25	31	0.00266
81	7	1	37	43	0.0004890000000000001
82	7	1	43	49	0.00022449999999999998
83	7	1	55	61	9.01e-05
84	8	7	9	10	0.385
85	8	7	10	11	0.0901
86	8	7	13	14	0.0102
87	8	7	16	17	0.0031750000000000003
88	8	6	14	16	0.02765
89	8	5	11	14	0.119
90	8	5	17	20	0.00929
91	8	5	20	23	0.0029300000000000003
92	8	5	32	35	0.00046649999999999996
93	8	4	20	24	0.00464
94	8	4	24	28	0.00286
95	8	4	36	40	0.0003315
96	8	3	18	23	0.012199999999999999
97	8	3	23	28	0.004045
98	8	3	33	38	0.0006995
99	8	3	48	53	0.00014649999999999998
100	8	2	14	20	0.05555
101	8	2	26	32	0.002705
102	8	2	32	38	0.0011250000000000001
103	8	2	38	44	0.00039400000000000004
104	8	2	50	56	0.00018849999999999997
105	8	2	56	62	0.00013000000000000002
106	9	8	10	11	0.388
107	9	8	13	14	0.02055
108	9	8	16	17	0.0047150000000000004
109	9	7	11	13	0.195
110	9	7	17	19	0.008834999999999999
111	9	7	19	21	0.0042450000000000005
112	9	5	13	17	0.09265
113	9	5	17	21	0.0176
114	9	5	33	37	0.000659
115	9	5	37	41	0.00041549999999999996
116	9	5	41	45	0.000111
117	9	4	14	19	0.06905
118	9	4	24	29	0.0207
119	9	4	34	39	0.000776
120	9	4	49	54	0.0001655
121	9	3	33	39	0.00116
122	9	3	39	45	0.000379
123	10	9	13	14	0.035449999999999995
124	10	8	14	16	0.045700000000000005
125	10	8	16	18	0.0187
126	10	8	18	20	0.008305
127	10	8	20	22	0.00383
128	10	8	22	24	0.001905
129	10	7	13	16	0.128
130	10	7	19	22	0.009815
131	10	7	22	25	0.002595
132	10	7	25	28	0.00218
133	10	7	34	37	0.00038449999999999997
134	10	6	26	30	0.00547
135	10	6	38	42	0.000359
136	10	5	35	40	0.00079
137	10	5	45	50	0.0002015
138	10	5	50	55	0.000165
139	10	4	16	22	0.0577
140	10	4	34	40	0.0011749999999999998
141	11	10	13	14	0.06875
142	11	10	16	17	0.00844
143	11	9	17	19	0.0157
144	11	9	19	21	0.007835
145	11	9	27	29	0.0007979999999999999
146	11	8	14	17	0.1075
147	11	8	17	20	0.02545
148	11	8	26	29	0.0028599999999999997
149	11	8	29	32	0.000174
150	11	8	32	35	0.0006505
151	11	8	35	38	0.00031150000000000004
152	11	7	27	31	0.00247
153	11	7	43	47	0.0001615
154	11	6	16	21	0.0591
155	11	6	26	31	0.0036950000000000004
156	11	6	36	41	0.0006465
157	11	6	51	56	0.000202
158	11	5	17	23	0.051949999999999996
159	11	5	35	41	0.0011350000000000002
160	11	5	53	59	0.0001935
161	11	5	59	65	0.0001985
162	12	11	13	14	0.2645
163	12	11	16	17	0.01435
164	12	11	17	18	0.008199999999999999
165	12	11	18	19	0.005135000000000001
166	12	11	19	20	0.00335
167	12	10	16	18	0.03555
168	12	8	16	20	0.07694999999999999
169	12	7	17	22	0.06215
170	13	12	16	17	0.029150000000000002
171	13	12	17	18	0.015099999999999999
172	13	12	18	19	0.00808
173	13	11	17	19	0.0361
174	13	11	19	21	0.0142
175	13	11	23	25	0.002065
176	13	11	25	27	0.00161
177	13	11	27	29	0.000968
178	13	10	16	19	0.097
179	13	10	19	22	0.022
180	13	10	34	37	0.0004715
181	13	10	37	40	0.00033
182	13	9	17	21	0.07455
183	13	9	29	33	0.001885
184	13	9	33	37	0.000902
185	13	9	37	41	0.00048
186	13	9	41	45	0.00014549999999999999
187	13	8	18	23	0.0562
188	13	8	23	28	0.007045000000000001
189	13	8	28	33	0.0035700000000000003
190	13	8	33	38	0.00132
191	13	8	38	43	0.0005304999999999999
192	13	8	43	48	0.00023799999999999998
193	13	8	48	53	0.00020199999999999998
194	13	7	19	25	0.0431
195	13	7	43	49	0.0003365
196	13	7	55	61	0.000231
197	14	13	16	17	0.07675
198	14	13	17	18	0.0277
199	14	13	18	19	0.014
200	14	13	19	20	0.008045
201	14	13	21	22	0.0025250000000000003
202	14	13	22	23	0.001305
203	14	12	16	18	0.142
204	14	12	18	20	0.0317
205	14	11	17	20	0.09175
206	14	11	20	23	0.020900000000000002
207	14	11	23	26	0.00519
208	14	11	26	29	0.002865
209	14	10	18	22	0.06820000000000001
210	14	10	30	34	0.0017950000000000002
211	14	10	34	38	0.000833
212	14	10	38	42	0.00041549999999999996
213	14	10	42	46	0.000178
214	14	10	46	50	0.0001495
215	14	9	19	24	0.06459999999999999
216	14	9	29	34	0.003005
217	14	9	34	39	0.00121
218	14	9	39	44	0.000402
219	14	9	49	54	0.00017700000000000002
220	14	9	54	59	0.0001595
221	14	8	20	26	0.0382
222	14	8	38	44	0.000745
223	14	8	44	50	0.000357
224	14	8	56	62	0.0001765
225	14	8	62	68	0.000202
226	16	14	22	24	0.008565
227	16	14	24	26	0.00739
228	16	13	19	22	0.08395
229	16	13	25	28	0.00562
230	16	13	28	31	0.00409
231	16	11	21	26	0.03855
232	16	11	31	36	0.003785
233	16	10	34	40	0.0020499999999999997
234	16	10	40	46	0.00048800000000000004
235	17	16	19	20	0.05865
236	17	16	20	21	0.020200000000000003
237	17	16	21	22	0.011099999999999999
238	17	16	22	23	0.004675
239	17	16	24	25	0.0006835
240	17	16	25	26	0.0018150000000000002
241	17	14	20	23	0.07565
242	17	14	23	26	0.0167
243	17	14	26	29	0.0067
244	17	14	32	35	0.001055
245	17	14	35	38	0.0008875
246	17	14	38	41	0.00048699999999999997
247	17	14	41	44	0.00015500000000000003
248	17	13	21	25	0.04845
249	17	13	25	29	0.0129
250	17	13	29	33	0.0048000000000000004
251	17	13	33	37	0.00181
252	17	13	45	49	0.000212
253	17	13	49	53	0.0001825
254	17	11	23	29	0.02905
255	17	11	35	41	0.0020550000000000004
256	17	11	41	47	0.000451
257	17	11	47	53	0.000392
258	18	17	19	20	0.21450000000000002
259	18	17	20	21	0.05855
260	18	17	21	22	0.019200000000000002
261	18	17	23	24	0.00436
262	18	17	25	26	0.00238
263	18	16	20	22	0.11049999999999999
264	18	16	24	26	0.008629999999999999
265	18	16	34	36	0.000582
266	18	14	22	26	0.04615
267	18	14	26	30	0.013
268	18	14	30	34	0.00445
269	18	14	34	38	0.00171
270	18	14	38	42	0.00074
271	18	14	42	46	0.0003195
272	18	14	46	50	0.0002275
273	18	13	23	28	0.03565
274	18	13	28	33	0.01105
275	18	13	33	38	0.00284
276	18	13	38	43	0.000967
277	18	13	43	48	0.0004045
278	18	13	48	53	0.00029699999999999996
279	18	13	58	63	0.0002055
280	19	18	20	21	0.1935
281	19	18	21	22	0.04115
282	19	18	23	24	0.006475
283	19	18	25	26	0.00332
284	19	17	21	23	0.08965000000000001
285	19	17	29	31	0.00265
286	19	17	33	35	0.0009815
287	19	17	35	37	0.0005045
288	19	16	28	31	0.00689
289	19	16	31	34	0.002605
290	19	16	34	37	0.0013
291	19	16	43	46	0.0001905
292	19	14	24	29	0.0382
293	19	14	29	34	0.010215
294	19	14	34	39	0.0026700000000000005
295	19	14	39	44	0.00083
296	19	14	44	49	0.00041799999999999997
297	19	14	49	54	0.000298
298	19	14	54	59	0.00021700000000000002
299	19	14	59	64	0.0001965
300	19	13	25	31	0.033049999999999996
301	19	13	37	43	0.0016699999999999998
302	19	13	43	49	0.0005925
303	19	13	49	55	0.000419
304	19	13	61	67	0.0002485
305	19	13	67	73	0.000196
306	20	19	21	22	0.151
307	20	19	23	24	0.011699999999999999
308	20	19	24	25	0.00834
309	20	19	25	26	0.005045
310	20	19	26	27	0.003395
311	20	19	27	28	0.002245
312	20	19	28	29	0.0016350000000000002
313	20	18	24	26	0.0288
314	20	18	26	28	0.01065
315	20	18	34	36	0.0009505
316	20	18	36	38	0.000506
317	20	17	23	26	0.04985
318	20	17	26	29	0.016800000000000002
319	20	17	29	32	0.006065
320	20	17	35	38	0.0012900000000000001
321	20	17	38	41	0.0007340000000000001
322	20	17	41	44	0.00021950000000000002
323	20	17	44	47	0.00020800000000000001
324	20	16	24	28	0.04795
325	20	16	32	36	0.004055
326	20	16	36	40	0.001545
327	20	14	26	32	0.0315
328	20	14	38	44	0.001535
329	20	14	44	50	0.0006069999999999999
330	20	14	62	68	0.00025100000000000003
331	20	14	68	74	0.0002045
332	21	20	22	23	0.132
333	21	20	23	24	0.019799999999999998
334	21	20	24	25	0.013399999999999999
335	21	20	25	26	0.006925000000000001
336	21	20	26	27	0.00385
337	21	20	28	29	0.00247
338	21	20	29	30	0.0016150000000000001
339	21	19	23	25	0.0512
340	21	19	25	27	0.02035
341	21	19	27	29	0.009395
342	21	19	29	31	0.0030299999999999997
343	21	19	31	33	0.004665
344	21	19	33	35	0.00141
345	21	19	35	37	0.0008225000000000001
346	21	19	37	39	0.000495
347	21	18	24	27	0.0543
348	21	18	30	33	0.006795000000000001
349	21	18	33	36	0.0026
350	21	18	39	42	0.000561
351	21	18	42	45	0.00028649999999999997
352	21	18	45	48	0.000206
353	21	17	25	29	0.0432
354	21	17	29	33	0.0125
355	21	17	33	37	0.0036699999999999997
356	21	17	37	41	0.001485
357	21	17	41	45	0.00040249999999999997
358	21	17	45	49	0.000348
359	21	17	49	53	0.000228
360	21	16	36	41	0.00231
361	21	16	41	46	0.0005909999999999999
362	21	16	61	66	0.0002275
363	22	21	23	24	0.06865
364	22	21	24	25	0.0257
365	22	21	25	26	0.010499999999999999
366	22	21	26	27	0.005695
367	22	21	27	28	0.0033299999999999996
368	22	21	29	30	0.001755
369	22	20	28	30	0.008235
370	22	20	30	32	0.00213
371	22	20	32	34	0.00411
372	22	20	34	36	0.00113
373	22	20	36	38	0.0005365
374	22	19	25	28	0.0402
375	22	19	31	34	0.00762
376	22	19	34	37	0.002085
377	22	19	37	40	0.0010600000000000002
378	22	19	43	46	0.000258
379	22	19	46	49	0.00017999999999999998
380	22	18	26	30	0.036849999999999994
381	22	18	30	34	0.0117
382	22	18	34	38	0.003035
383	22	18	38	42	0.0011250000000000001
384	22	18	42	46	0.00047100000000000006
385	22	18	46	50	0.00032950000000000004
386	22	18	50	54	0.000231
387	22	17	27	32	0.0298
388	22	17	32	37	0.01031
389	22	17	37	42	0.001955
390	22	17	42	47	0.00068
391	22	17	47	52	0.00042
392	22	17	57	62	0.0002275
393	22	16	40	46	0.001105
394	22	16	46	52	0.0006315000000000001
395	22	16	64	70	0.000194
396	22	16	70	76	0.000193
397	23	22	24	25	0.0942
398	23	22	26	27	0.0127
399	23	22	27	28	0.00407
400	23	22	29	30	0.0015999999999999999
401	23	22	30	31	0.00497
402	23	21	25	27	0.04275
403	23	21	29	31	0.009115
404	23	21	33	35	0.001435
405	23	21	35	37	0.000925
406	23	21	37	39	0.00046550000000000004
407	23	21	39	41	0.00030000000000000003
408	23	20	26	29	0.0345
409	23	20	32	35	0.0034850000000000003
410	23	20	35	38	0.001445
411	23	20	38	41	0.0008365
412	23	20	44	47	0.0002255
413	23	20	47	50	0.000152
414	23	19	35	39	0.00243
415	23	19	43	47	0.0004615
416	23	19	51	55	0.000183
417	23	19	55	59	0.0001235
418	23	18	38	43	0.00157
419	23	18	43	48	0.0005875
420	23	18	48	53	0.0004125
421	23	18	63	68	0.0001965
422	23	17	41	47	0.0009165
423	23	17	47	53	0.000533
424	23	17	71	77	0.00021700000000000002
425	24	23	25	26	0.07425
426	24	23	27	28	0.00826
427	24	23	28	29	0.0038050000000000002
428	24	23	29	30	0.002785
429	24	23	30	31	0.002565
430	24	23	32	33	0.0009345
431	24	22	26	28	0.0415
432	24	22	30	32	0.010190000000000001
433	24	22	34	36	0.001215
434	24	22	36	38	0.0007974999999999999
435	24	22	38	40	0.0004115
436	24	21	33	36	0.003115
437	24	21	36	39	0.001255
438	24	21	39	42	0.0005985
439	24	21	45	48	0.0001745
440	24	21	48	51	0.000138
441	24	20	36	40	0.00208
442	24	20	40	44	0.000549
443	24	20	56	60	0.0001385
444	24	19	39	44	0.001265
445	24	19	44	49	0.000491
446	24	18	42	48	0.0009270000000000001
447	24	18	48	54	0.0004945
448	24	18	66	72	0.0002365
449	25	24	26	27	0.08785
450	25	24	27	28	0.02085
451	25	24	28	29	0.01195
452	25	24	29	30	0.005889999999999999
453	25	24	31	32	0.002155
454	25	24	32	33	0.002295
455	25	24	33	34	0.0008385
456	25	23	27	29	0.04925
457	25	23	31	33	0.0067800000000000004
458	25	23	33	35	0.0025050000000000003
459	25	23	35	37	0.001105
460	25	23	37	39	0.000621
461	25	23	39	41	0.0004255
462	25	22	28	31	0.0359
463	25	22	31	34	0.00995
464	25	22	34	37	0.002845
465	25	22	37	40	0.001245
466	25	22	40	43	0.00040050000000000003
467	25	22	43	46	0.00028649999999999997
468	25	22	49	52	0.0001355
469	25	21	29	33	0.0262
470	25	21	37	41	0.0018350000000000003
471	25	21	41	45	0.0004985
472	25	21	45	49	0.0003325
473	25	20	30	35	0.02335
474	25	20	35	40	0.00449
475	25	20	40	45	0.0009375
476	25	20	45	50	0.000529
477	25	20	50	55	0.00029549999999999997
478	25	20	60	65	0.00017900000000000001
479	25	19	31	37	0.019049999999999997
480	25	19	43	49	0.0008655000000000001
481	25	19	49	55	0.000493
482	25	19	67	73	0.00021799999999999999
483	25	19	73	79	0.000184
484	26	25	27	28	0.09190000000000001
485	26	25	29	30	0.009430000000000001
486	26	25	30	31	0.004529999999999999
487	26	25	31	32	0.003155
488	26	25	33	34	0.001145
489	26	25	34	35	0.0007754999999999999
490	26	24	28	30	0.05675
491	26	24	32	34	0.00664
492	26	24	34	36	0.00238
493	26	24	36	38	0.001013
494	26	24	38	40	0.000713
495	26	24	42	44	0.00018449999999999999
496	26	23	29	32	0.03475
497	26	23	35	38	0.0026300000000000004
498	26	23	38	41	0.001265
499	26	23	41	44	0.000303
500	26	23	47	50	0.00019049999999999997
501	26	23	50	53	0.00013749999999999998
502	26	22	30	34	0.02525
503	26	22	34	38	0.006965
504	26	22	38	42	0.00159
505	26	22	42	46	0.000529
506	26	22	46	50	0.000329
507	26	21	31	36	0.019450000000000002
508	26	21	41	46	0.000776
509	26	21	46	51	0.0004705
510	26	21	61	66	0.0001695
511	26	20	32	38	0.017
512	26	20	38	44	0.0027
513	26	20	44	50	0.000804
514	26	20	50	56	0.0005095
515	26	20	56	62	0.00027499999999999996
516	26	20	62	68	0.000263
517	26	20	74	80	0.00014649999999999998
518	27	26	28	29	0.08905
519	27	26	29	30	0.019200000000000002
520	27	26	30	31	0.0119
521	27	26	31	32	0.005265000000000001
522	27	26	33	34	0.001605
523	27	26	34	35	0.00112
524	27	26	35	36	0.0006904999999999999
525	27	25	29	31	0.04785
526	27	25	33	35	0.00472
527	27	25	35	37	0.0019950000000000002
528	27	25	37	39	0.001035
529	27	25	39	41	0.0006425000000000001
530	27	25	43	45	0.00019899999999999999
531	27	24	36	39	0.002425
532	27	24	39	42	0.0010105000000000001
533	27	24	48	51	0.0002145
534	27	23	39	43	0.001395
535	27	23	43	47	0.0005630000000000001
536	27	23	55	59	0.000147
537	27	23	59	63	0.000138
538	27	22	32	37	0.01685
539	27	22	42	47	0.0008669999999999999
540	27	22	47	52	0.0004935
541	27	22	62	67	0.000193
542	27	22	67	72	0.0001545
543	27	21	33	39	0.015
544	27	21	45	51	0.0007855
545	27	21	51	57	0.0004835
546	27	21	57	63	0.000334
547	27	21	69	75	0.0002185
548	27	21	75	81	0.00017099999999999998
549	28	27	29	30	0.1002
550	28	27	30	31	0.019749999999999997
551	28	27	31	32	0.009645
552	28	27	32	33	0.004725
553	28	27	33	34	0.0025399999999999997
554	28	27	34	35	0.001625
555	28	27	35	36	0.0009215
556	28	27	36	37	0.0005955
557	28	26	30	32	0.04955
558	28	26	34	36	0.0044150000000000005
559	28	26	36	38	0.0017300000000000002
560	28	26	38	40	0.0011099999999999999
561	28	26	44	46	0.00018849999999999997
562	28	25	31	34	0.032600000000000004
563	28	25	37	40	0.0025650000000000004
564	28	25	40	43	0.0006675
565	28	25	43	46	0.000397
566	28	25	52	55	0.0001515
567	28	24	40	44	0.0010015000000000002
568	28	24	44	48	0.0005865
569	28	23	43	48	0.0009139999999999999
570	28	23	48	53	0.0005065
571	28	23	68	73	0.0001535
572	28	22	46	52	0.000789
573	28	22	52	58	0.0005020000000000001
574	28	22	64	70	0.000178
575	28	22	70	76	0.0002065
576	29	28	30	31	0.10055
577	29	28	32	33	0.01225
578	29	28	33	34	0.004370000000000001
579	29	28	34	35	0.002615
580	29	28	35	36	0.00156
581	29	28	36	37	0.0008669999999999999
582	29	28	37	38	0.000605
583	29	27	31	33	0.04665
584	29	27	35	37	0.003855
585	29	27	37	39	0.0017300000000000002
586	29	27	39	41	0.00107
587	29	27	43	45	0.00028050000000000004
588	29	27	45	47	0.000178
589	29	26	32	35	0.0329
590	29	26	38	41	0.002445
591	29	26	41	44	0.000512
592	29	26	44	47	0.000441
593	29	26	47	50	0.000317
594	29	26	53	56	0.000157
595	29	25	33	37	0.021249999999999998
596	29	25	37	41	0.0046300000000000004
597	29	25	41	45	0.0008155
598	29	25	45	49	0.0005614999999999999
599	29	25	49	53	0.0003735
600	29	25	57	61	0.0001875
601	29	25	61	65	0.0001675
602	29	24	44	49	0.0009635
603	29	24	49	54	0.000508
604	29	24	54	59	0.00029600000000000004
605	29	24	69	74	0.0002055
606	29	23	47	53	0.0008435000000000001
607	29	23	53	59	0.0005009999999999999
608	29	23	77	83	0.00019
609	30	29	31	32	0.11
610	30	29	33	34	0.008834999999999999
611	30	29	34	35	0.00468
612	30	29	35	36	0.0024549999999999997
613	30	29	36	37	0.00133
614	30	29	37	38	0.0008780000000000001
615	30	29	38	39	0.0006405
616	30	28	32	34	0.04655
617	30	28	34	36	0.0132
618	30	28	36	38	0.0036249999999999998
619	30	28	38	40	0.001985
620	30	28	40	42	0.000611
621	30	28	44	46	0.000294
622	30	28	46	48	0.0002005
623	30	27	33	36	0.0284
624	30	27	36	39	0.008065
625	30	27	39	42	0.001975
626	30	27	42	45	0.000727
627	30	27	45	48	0.00045299999999999995
628	30	27	48	51	0.000335
629	30	27	51	54	0.00021799999999999999
630	30	27	54	57	0.00016199999999999998
631	30	26	34	38	0.0201
632	30	26	38	42	0.00407
633	30	26	42	46	0.0011
634	30	26	46	50	0.000594
635	30	26	50	54	0.00038449999999999997
636	30	26	62	66	0.00016600000000000002
637	30	25	35	40	0.0156
638	30	25	40	45	0.002075
639	30	25	45	50	0.0009434999999999999
640	30	25	50	55	0.0005470000000000001
641	30	25	60	65	0.00024249999999999999
642	30	25	70	75	0.00021549999999999998
643	30	24	48	54	0.000875
644	30	24	54	60	0.0005755000000000001
645	30	24	72	78	0.00025
646	30	24	78	84	0.0001745
647	31	30	32	33	0.10300000000000001
648	31	30	33	34	0.0199
649	31	30	34	35	0.0085
650	31	30	35	36	0.003865
651	31	30	36	37	0.001855
652	31	30	37	38	0.0011949999999999999
653	31	30	38	39	0.0008269999999999999
654	31	30	39	40	0.0006494999999999999
655	31	29	33	35	0.042800000000000005
656	31	29	37	39	0.003515
657	31	29	39	41	0.00187
658	31	29	41	43	0.000308
659	31	29	43	45	0.0004135
660	31	29	45	47	0.00027800000000000004
661	31	29	47	49	0.00022149999999999996
662	31	28	34	37	0.02465
663	31	28	40	43	0.0012850000000000001
664	31	28	43	46	0.0007574999999999999
665	31	28	46	49	0.00046499999999999997
666	31	28	52	55	0.00024150000000000002
667	31	27	35	39	0.015050000000000001
668	31	27	43	47	0.0011350000000000002
669	31	27	47	51	0.0006225
670	31	27	51	55	0.000406
671	31	27	59	63	0.0002665
672	31	27	63	67	0.000165
673	31	26	36	41	0.0146
674	31	26	46	51	0.0009875
675	31	26	51	56	0.0005475
676	31	26	66	71	0.00022650000000000003
677	31	26	71	76	0.00017
678	31	25	37	43	0.01075
679	31	25	43	49	0.0018399999999999998
680	31	25	49	55	0.000915
681	31	25	67	73	0.000332
682	31	25	73	79	0.0002775
683	31	25	79	85	0.000198
684	32	31	33	34	0.09720000000000001
685	32	31	34	35	0.020999999999999998
686	32	31	35	36	0.007965
687	32	31	36	37	0.0033750000000000004
688	32	31	37	38	0.001825
689	32	31	38	39	0.001375
690	32	31	39	40	0.0009224999999999999
691	32	31	40	41	0.0004940000000000001
692	32	30	34	36	0.041749999999999995
693	32	30	36	38	0.009385000000000001
694	32	30	38	40	0.00362
695	32	30	40	42	0.0010049999999999998
696	32	30	42	44	0.0006145
697	32	30	44	46	0.0004445
698	32	30	46	48	0.0002935
699	32	30	48	50	0.000216
700	32	29	38	41	0.00625
701	32	29	41	44	0.0009785
702	32	29	44	47	0.000769
703	32	29	47	50	0.000491
704	32	29	50	53	0.000347
705	32	29	53	56	0.0002285
706	32	28	44	48	0.001175
707	32	28	48	52	0.0006410000000000001
708	32	28	52	56	0.0003985
709	32	28	60	64	0.00028050000000000004
710	32	28	64	68	0.000196
711	32	27	47	52	0.0010019999999999999
712	32	27	52	57	0.0005725
713	32	27	57	62	0.0004525
714	32	27	67	72	0.0002765
715	32	27	72	77	0.0002125
716	32	26	38	44	0.010055
717	32	26	44	50	0.0018349999999999998
718	32	26	50	56	0.000933
719	32	26	56	62	0.0005965
720	32	26	62	68	0.000446
721	32	26	68	74	0.0003185
722	32	26	74	80	0.000298
723	32	26	80	86	0.00020849999999999997
724	33	32	34	35	0.1275
725	33	32	36	37	0.00546
726	33	32	37	38	0.003065
727	33	32	39	40	0.00126
728	33	31	43	45	0.0014
729	33	31	45	47	0.00037
730	33	30	42	45	0.001395
731	33	30	45	48	0.0007490000000000001
732	33	30	51	54	0.0002745
733	33	30	54	57	0.000234
734	33	29	61	65	0.00022850000000000002
735	33	29	65	69	0.000215
736	33	28	38	43	0.01125
737	33	28	43	48	0.0029300000000000003
738	33	28	48	53	0.0010199999999999999
739	33	28	53	58	0.000495
740	33	28	58	63	0.0005005000000000001
741	33	28	63	68	0.000372
742	33	28	73	78	0.000222
743	33	27	39	45	0.010385
744	33	27	51	57	0.000884
745	33	27	57	63	0.0005555
746	33	27	63	69	0.000437
747	33	27	75	81	0.0002925
748	33	27	81	87	0.00021300000000000003
749	34	33	35	36	0.10450000000000001
750	34	33	36	37	0.01575
751	34	33	37	38	0.00534
752	34	33	41	42	0.0001565
753	34	32	36	38	0.0286
754	34	30	62	66	0.0001925
755	34	29	59	64	0.000432
756	34	29	74	79	0.000229
757	34	28	46	52	0.00181
758	34	28	52	58	0.0009195
759	34	28	58	64	0.0005955
760	34	28	76	82	0.000306
761	34	28	82	88	0.0002185
762	35	34	36	37	0.08115
763	35	33	37	39	0.0252
764	35	32	44	47	0.00132
765	35	31	39	43	0.01145
766	35	31	47	51	0.001015
767	35	30	40	45	0.0074
768	35	30	45	50	0.001405
769	35	30	65	70	0.00033850000000000004
770	35	30	70	75	0.0002765
771	35	30	75	80	0.000242
772	35	29	53	59	0.0009435
773	35	29	65	71	0.0004375
774	35	29	71	77	0.00038100000000000005
775	35	29	77	83	0.0003155
776	35	29	83	89	0.000194
777	36	35	37	38	0.07089999999999999
778	36	35	38	39	0.012199999999999999
779	36	35	39	40	0.004085
780	36	35	40	41	0.0017
781	36	35	41	42	0.000381
782	36	35	42	43	0.00038250000000000003
783	36	35	43	44	0.000334
784	36	35	44	45	0.0003805
785	36	34	40	42	0.0031
786	36	33	39	42	0.011
787	36	33	48	51	0.0005785
788	36	32	48	52	0.00091
789	36	32	56	60	0.0013549999999999999
790	36	30	60	66	0.001655
791	36	30	66	72	0.00046349999999999994
792	36	30	78	84	0.0003285
793	36	30	84	90	0.00022899999999999998
794	37	36	38	39	0.08155000000000001
795	37	36	39	40	0.010025
796	37	36	40	41	0.003975
797	37	36	41	42	0.000664
798	37	36	43	44	0.000379
799	37	36	45	46	0.00019250000000000002
800	37	35	43	45	0.002045
801	37	34	52	55	0.00017999999999999998
802	37	34	61	64	0.0001495
803	37	33	41	45	0.00557
804	37	33	45	49	0.0012850000000000001
805	37	33	53	57	0.000855
806	37	33	65	69	0.0001625
807	37	33	69	73	0.000172
808	37	32	62	67	0.000327
809	37	32	72	77	0.00022600000000000002
810	37	32	77	82	0.000183
811	37	31	55	61	0.0009725
812	37	31	61	67	0.0005065
813	37	31	67	73	0.0003905
814	37	31	79	85	0.000241
815	37	31	85	91	0.000185
816	38	37	39	40	0.08025
817	38	37	40	41	0.011300000000000001
818	38	37	41	42	0.0018449999999999999
819	38	37	42	43	0.0010899999999999998
820	38	37	43	44	0.0005815
821	38	37	45	46	0.000214
822	38	36	40	42	0.01845
823	38	35	47	50	0.0005204999999999999
824	38	34	42	46	0.006195
825	38	34	66	70	0.00015049999999999997
826	38	33	43	48	0.0046300000000000004
827	38	33	53	58	0.0009905
828	38	33	58	63	0.000374
829	38	33	63	68	0.0003155
830	38	33	73	78	0.0002255
831	38	33	78	83	0.00015900000000000002
832	38	32	62	68	0.0004705
833	38	32	68	74	0.00038750000000000004
834	38	32	80	86	0.00022950000000000002
835	39	38	40	41	0.09145
836	39	38	41	42	0.008205
837	39	38	42	43	0.0028599999999999997
838	39	38	43	44	0.0009325000000000001
839	39	38	45	46	0.000252
840	39	37	41	43	0.0139
841	39	37	43	45	0.0021149999999999997
842	39	37	45	47	0.001023
843	39	36	42	45	0.007715
844	39	36	48	51	0.0006544999999999999
845	39	36	54	57	0.0008909999999999999
846	39	34	54	59	0.0006475000000000001
847	39	34	59	64	0.000384
848	39	34	64	69	0.00029099999999999997
849	39	34	69	74	0.00024400000000000002
850	39	34	79	84	0.00016199999999999998
851	39	33	69	75	0.00032450000000000003
852	39	33	81	87	0.00021100000000000003
853	39	33	87	93	0.0001695
854	40	39	41	42	0.07385
855	40	39	42	43	0.00892
856	40	39	43	44	0.0016749999999999998
857	40	39	44	45	0.0006085
858	40	39	45	46	0.000183
859	40	39	46	47	8.185000000000001e-05
860	40	38	42	44	0.0138
861	40	38	46	48	0.000506
862	40	37	43	46	0.00507
863	40	37	61	64	5.455e-05
864	40	36	68	72	9.185000000000001e-05
865	40	35	80	85	0.00015450000000000001
866	40	34	64	70	0.0003925
867	40	34	70	76	0.000319
868	40	34	82	88	0.00017
869	40	34	88	94	0.00015900000000000002
870	41	40	42	43	0.09605
871	41	40	43	44	0.0117
872	41	40	44	45	0.003305
873	41	40	45	46	0.001085
874	41	40	46	47	0.000592
875	41	40	47	48	0.00032450000000000003
876	41	40	48	49	0.00024249999999999999
877	41	39	43	45	0.0173
878	41	39	45	47	0.00192
879	41	39	47	49	0.000557
880	41	39	49	51	0.00020600000000000002
881	41	39	51	53	9.910000000000001e-05
882	41	38	44	47	0.006805
883	41	38	65	68	5.3649999999999996e-05
884	41	36	66	71	0.0001785
885	41	36	71	76	0.00020199999999999998
886	41	36	81	86	0.00012200000000000001
887	41	35	65	71	0.000351
888	41	35	83	89	0.0001625
889	41	35	89	95	0.00015250000000000002
890	42	41	43	44	0.09695
891	42	41	44	45	0.015349999999999999
892	42	41	45	46	0.00353
893	42	41	46	47	0.001695
894	42	41	47	48	0.0009170000000000001
895	42	41	48	49	0.0005529999999999999
896	42	41	49	50	0.0004035
897	42	41	50	51	0.00028450000000000003
898	42	40	44	46	0.0232
899	42	40	46	48	0.0034999999999999996
900	42	40	48	50	0.00138
901	42	40	50	52	0.000631
902	42	40	56	58	0.000571
903	42	39	45	48	0.00845
904	42	39	48	51	0.001495
905	42	39	51	54	0.0006789999999999999
906	42	39	63	66	0.0001345
907	42	39	66	69	0.0001275
908	42	38	46	50	0.0060999999999999995
909	42	38	74	78	0.0001405
910	42	37	47	52	0.0040999999999999995
911	42	37	67	72	0.000287
912	42	37	72	77	0.0002365
913	42	37	82	87	0.000148
914	42	36	66	72	0.0004035
915	42	36	84	90	0.00019700000000000002
916	43	42	44	45	0.11850000000000001
917	43	42	45	46	0.0124
918	43	42	46	47	0.00386
919	43	42	47	48	0.00156
920	43	42	50	51	0.0009755
921	43	42	51	52	0.000237
922	43	41	45	47	0.0216
923	43	41	51	53	0.0007379999999999999
924	43	40	46	49	0.0102
925	43	40	49	52	0.0026100000000000003
926	43	40	52	55	0.00114
927	43	40	61	64	0.0003465
928	43	40	67	70	0.00019299999999999997
929	43	39	47	51	0.006345
930	43	39	51	55	0.0013249999999999998
931	43	39	55	59	0.0005924999999999999
932	43	39	59	63	0.000459
933	43	39	71	75	0.0001695
934	43	39	75	79	0.000163
935	43	38	48	53	0.00477
936	43	38	58	63	0.0005974999999999999
937	43	38	63	68	0.000421
938	43	38	68	73	0.000339
939	43	38	73	78	0.00025350000000000004
940	43	38	83	88	0.000149
941	43	37	49	55	0.003945000000000001
942	43	37	61	67	0.000614
943	43	37	67	73	0.00046950000000000003
944	43	37	73	79	0.00034599999999999995
945	43	37	79	85	0.000257
946	43	37	85	91	0.000187
947	43	37	91	97	0.000181
948	44	43	45	46	0.0781
949	44	43	46	47	0.0127
950	44	43	47	48	0.0033949999999999996
951	44	43	48	49	0.001245
952	44	43	49	50	0.00077
953	44	43	51	52	0.00025
954	44	43	52	53	0.00017099999999999998
955	44	42	46	48	0.0215
956	44	42	48	50	0.0025700000000000002
957	44	42	50	52	0.0018049999999999997
958	44	42	52	54	0.0005005000000000001
959	44	41	47	50	0.009989999999999999
960	44	41	62	65	0.000331
961	44	41	65	68	0.0002235
962	44	41	68	71	0.0002025
963	44	40	48	52	0.00707
964	44	40	68	72	0.000308
965	44	39	49	54	0.00587
966	44	39	59	64	0.000683
967	44	39	69	74	0.000368
968	44	39	79	84	0.00019899999999999999
969	44	39	84	89	0.0001555
970	44	38	62	68	0.000712
971	44	38	68	74	0.00047400000000000003
972	44	38	80	86	0.0002475
973	44	38	86	92	0.000192
974	44	38	92	98	0.00017549999999999998
975	45	44	46	47	0.10250000000000001
976	45	44	47	48	0.01325
977	45	44	48	49	0.00408
978	45	44	50	51	0.0004485
979	45	43	47	49	0.022350000000000002
980	45	43	51	53	0.001445
981	45	43	53	55	0.0006325
982	45	43	57	59	0.00021899999999999998
983	45	42	48	51	0.009250000000000001
984	45	42	66	69	0.000187
985	45	42	69	72	0.000147
986	45	41	49	53	0.00664
987	45	41	61	65	0.0005535
988	45	41	65	69	0.0003985
989	45	41	69	73	0.000322
990	45	41	73	77	0.0002295
991	45	41	77	81	0.000174
992	45	40	50	55	0.0049499999999999995
993	45	40	60	65	0.0007625
994	45	40	65	70	0.000517
995	45	40	70	75	0.0003745
996	45	40	80	85	0.000228
997	45	39	69	75	0.0005325
998	45	39	75	81	0.0003555
999	45	39	81	87	0.00025350000000000004
1000	45	39	87	93	0.0001965
1001	45	39	93	99	0.00017049999999999997
1002	46	45	47	48	0.08965000000000001
1003	46	45	48	49	0.0114
1004	46	45	49	50	0.003275
1005	46	45	50	51	0.0011350000000000002
1006	46	44	48	50	0.0203
1007	46	44	58	60	0.00018449999999999999
1008	46	43	49	52	0.00771
1009	46	43	55	58	0.000668
1010	46	43	67	70	0.00015250000000000002
1011	46	43	70	73	0.00013900000000000002
1012	46	42	50	54	0.005715
1013	46	42	62	66	0.00041799999999999997
1014	46	42	66	70	0.00029549999999999997
1015	46	42	70	74	0.0002575
1016	46	42	74	78	0.0001975
1017	46	41	66	71	0.0005035
1018	46	41	71	76	0.000393
1019	46	41	81	86	0.0002055
1020	46	41	86	91	0.000163
1021	46	40	58	64	0.0012950000000000001
1022	46	40	70	76	0.0005535
1023	46	40	76	82	0.000364
1024	46	40	82	88	0.000267
1025	46	40	88	94	0.0002085
1026	46	40	94	100	0.000168
1027	47	46	48	49	0.09365
1028	47	46	49	50	0.01335
1029	47	46	50	51	0.003955
1030	47	46	51	52	0.001225
1031	47	45	49	51	0.02185
1032	47	45	51	53	0.00285
1033	47	45	53	55	0.0009755
1034	47	45	55	57	0.00043999999999999996
1035	47	45	57	59	0.0002875
1036	47	44	50	53	0.008525000000000001
1037	47	44	59	62	0.00034649999999999997
1038	47	44	65	68	0.00018800000000000002
1039	47	44	68	71	0.000154
1040	47	43	51	55	0.00601
1041	47	43	59	63	0.0006200000000000001
1042	47	43	63	67	0.000378
1043	47	43	67	71	0.00026000000000000003
1044	47	43	79	83	0.00013250000000000002
1045	47	42	62	67	0.000717
1046	47	42	67	72	0.00046100000000000004
1047	47	42	72	77	0.0003185
1048	47	42	82	87	0.000182
1049	47	41	65	71	0.0007535
1050	47	41	71	77	0.0004975
1051	47	41	77	83	0.00038
1052	47	41	83	89	0.00026250000000000004
1053	47	41	89	95	0.00019950000000000002
1054	47	41	95	101	0.0001815
1055	48	47	49	50	0.107
1056	48	47	50	51	0.01345
1057	48	47	51	52	0.003385
1058	48	47	55	56	0.00022600000000000002
1059	48	47	56	57	0.00016649999999999998
1060	48	46	50	52	0.021949999999999997
1061	48	46	52	54	0.0026449999999999998
1062	48	46	54	56	0.0009350000000000001
1063	48	46	60	62	0.0002085
1064	48	45	51	54	0.00873
1065	48	45	57	60	0.0006885000000000001
1066	48	45	69	72	0.000155
1067	48	45	72	75	0.0001305
1068	48	44	56	60	0.0009615000000000001
1069	48	44	60	64	0.0005835
1070	48	44	68	72	0.000263
1071	48	44	76	80	0.0001695
1072	48	44	80	84	0.0001315
1073	48	43	63	68	0.0006055
1074	48	43	68	73	0.00040400000000000006
1075	48	43	73	78	0.0002965
1076	48	43	83	88	0.0001705
1077	48	43	88	93	0.00014649999999999998
1078	48	42	66	72	0.0006575
1079	48	42	72	78	0.0004665
1080	48	42	78	84	0.000349
1081	48	42	84	90	0.000229
1082	48	42	90	96	0.00019099999999999998
1083	49	48	50	51	0.112
1084	49	48	51	52	0.0137
1085	49	48	52	53	0.002865
1086	49	48	57	58	0.0001395
1087	49	47	51	53	0.0211
1088	49	47	53	55	0.002725
1089	49	47	55	57	0.0009255
1090	49	47	57	59	0.0004890000000000001
1091	49	47	63	65	0.0001505
1092	49	46	52	55	0.007965
1093	49	45	61	65	0.0009339999999999999
1094	49	45	65	69	0.00039000000000000005
1095	49	45	69	73	0.0002905
1096	49	45	73	77	0.0001995
1097	49	45	81	85	0.00012550000000000001
1098	49	44	64	69	0.0005815
1099	49	44	79	84	0.000213
1100	49	44	84	89	0.000156
1101	49	44	89	94	0.000149
1102	49	43	67	73	0.000644
1103	49	43	73	79	0.000437
1104	49	43	79	85	0.00030599999999999996
1105	49	43	85	91	0.000238
1106	49	43	91	97	0.000198
1107	50	49	51	52	0.124
1108	50	49	52	53	0.01625
1109	50	49	53	54	0.00375
1110	50	49	55	56	0.000701
1111	50	49	56	57	0.000378
1112	50	49	57	58	0.000206
1113	50	48	52	54	0.02375
1114	50	48	56	58	0.0010175
1115	50	48	58	60	0.00053
1116	50	48	60	62	0.0003385
1117	50	48	64	66	0.000164
1118	50	47	59	62	0.0007185
1119	50	47	65	68	0.00030399999999999996
1120	50	47	68	71	0.00021549999999999998
1121	50	47	71	74	0.0001495
1122	50	46	62	66	0.000704
1123	50	46	66	70	0.000419
1124	50	46	70	74	0.00030199999999999997
1125	50	46	74	78	0.0002115
1126	50	46	82	86	0.000133
1127	50	45	65	70	0.0006145
1128	50	45	70	75	0.0004105
1129	50	45	80	85	0.00020850000000000003
1130	50	45	85	90	0.000169
1131	50	45	90	95	0.00014649999999999998
1132	50	44	68	74	0.0006399999999999999
1133	50	44	74	80	0.00045850000000000003
1134	50	44	80	86	0.0002925
1135	51	50	52	53	0.1245
1136	51	50	53	54	0.013850000000000001
1137	51	50	54	55	0.0044
1138	51	50	55	56	0.00146
1139	51	50	57	58	0.00039349999999999997
1140	51	50	58	59	0.00020899999999999998
1141	51	50	59	60	0.0001765
1142	51	49	53	55	0.0238
1143	51	49	57	59	0.0009935
1144	51	49	65	67	0.00017350000000000002
1145	51	49	67	69	0.0001315
1146	51	48	60	63	0.0006715
1147	51	48	66	69	0.00028199999999999997
1148	51	48	69	72	0.000219
1149	51	48	72	75	0.00015500000000000003
1150	51	47	63	67	0.0005870000000000001
1151	51	47	71	75	0.0002735
1152	51	47	79	83	0.0001705
1153	51	47	83	87	0.0001315
1154	51	46	66	71	0.0006925
1155	51	46	71	76	0.000393
1156	51	46	81	86	0.00020849999999999997
1157	51	46	86	91	0.000165
1158	51	46	91	96	0.00015450000000000001
1159	51	45	57	63	0.00365
1160	51	45	69	75	0.00062
1161	51	45	75	81	0.00042249999999999997
1162	51	45	81	87	0.0003005
1163	51	45	87	93	0.0002275
1164	51	45	93	99	0.000176
1165	52	51	53	54	0.11850000000000001
1166	52	51	54	55	0.0185
1167	52	51	55	56	0.004025
1168	52	51	56	57	0.001405
1169	52	51	57	58	0.0006205
1170	52	51	58	59	0.00041949999999999995
1171	52	51	59	60	0.0002655
1172	52	51	60	61	0.00015900000000000002
1173	52	50	54	56	0.02935
1174	52	50	58	60	0.0010500000000000002
1175	52	50	60	62	0.0005515
1176	52	50	62	64	0.000289
1177	52	50	66	68	0.000158
1178	52	50	68	70	0.00012649999999999998
1179	52	49	61	64	0.0007205
1180	52	49	67	70	0.00029
1181	52	49	70	73	0.0002455
1182	52	49	73	76	0.00015950000000000003
1183	52	49	76	79	0.00013099999999999999
1184	52	48	64	68	0.0006015
1185	52	48	68	72	0.0003855
1186	52	48	72	76	0.000285
1187	52	48	80	84	0.00016800000000000002
1188	52	48	84	88	0.0001315
1189	52	47	57	62	0.0036149999999999997
1190	52	47	67	72	0.000629
1191	52	47	72	77	0.0004795
1192	52	47	77	82	0.00033049999999999996
1193	52	47	82	87	0.000224
1194	52	47	87	92	0.000174
1195	52	47	92	97	0.000157
1196	52	46	70	76	0.000633
1197	52	46	76	82	0.000441
1198	52	46	82	88	0.0003015
1199	52	46	88	94	0.00023950000000000002
1200	52	46	94	100	0.00019449999999999998
1201	53	52	54	55	0.14500000000000002
1202	53	52	55	56	0.01495
1203	53	52	56	57	0.004195
1204	53	52	57	58	0.0013549999999999999
1205	53	52	58	59	0.000606
1206	53	52	59	60	0.0003765
1207	53	52	61	62	0.0002165
1208	53	51	57	59	0.00342
1209	53	51	59	61	0.0009780000000000001
1210	53	51	65	67	0.00023050000000000002
1211	53	51	69	71	0.0001205
1212	53	50	59	62	0.00157
1213	53	50	62	65	0.00073
1214	53	50	65	68	0.00039099999999999996
1215	53	50	68	71	0.0003055
1216	53	50	74	77	0.0001485
1217	53	50	77	80	0.00012849999999999998
1218	53	49	61	65	0.0015300000000000001
1219	53	49	65	69	0.0006665
1220	53	49	73	77	0.00028649999999999997
1221	53	49	81	85	0.000185
1222	53	49	85	89	0.00012550000000000001
1223	53	48	68	73	0.000655
1224	53	48	83	88	0.00021799999999999999
1225	53	48	88	93	0.0001795
1226	53	48	93	98	0.0001535
1227	53	47	71	77	0.000676
1228	53	47	77	83	0.000422
1229	53	47	83	89	0.00029699999999999996
1230	53	47	89	95	0.000252
1231	53	47	95	101	0.000201
1232	54	53	55	56	0.16
1233	54	53	57	58	0.003695
1234	54	53	58	59	0.001325
1235	54	53	59	60	0.000664
1236	54	52	56	58	0.027299999999999998
1237	54	52	60	62	0.0009674999999999999
1238	54	52	64	66	0.0005945
1239	54	52	66	68	0.00021750000000000003
1240	54	52	68	70	0.00015549999999999999
1241	54	52	70	72	0.000112
1242	54	51	57	60	0.009139999999999999
1243	54	51	63	66	0.0009615
1244	54	51	66	69	0.0004065
1245	54	51	69	72	0.000296
1246	54	51	72	75	0.0002385
1247	54	50	62	66	0.001725
1248	54	50	66	70	0.0006234999999999999
1249	54	50	70	74	0.00037549999999999997
1250	54	50	74	78	0.0003185
1251	54	50	82	86	0.000163
1252	54	50	86	90	0.000129
1253	54	49	69	74	0.0006490000000000001
1254	54	49	74	79	0.0004135
1255	54	49	79	84	0.00029350000000000003
1256	54	49	84	89	0.0002175
1257	54	49	89	94	0.0001935
1258	54	49	94	99	0.000152
1259	54	48	66	72	0.002415
1260	54	48	72	78	0.00066
1261	54	48	78	84	0.000443
1262	54	48	84	90	0.000299
1263	54	48	90	96	0.0002615
1264	55	54	56	57	0.163
1265	55	54	57	58	0.01815
1266	55	54	58	59	0.005889999999999999
1267	55	54	59	60	0.0015049999999999998
1268	55	54	61	62	0.0004245
1269	55	54	63	64	0.000228
1270	55	53	57	59	0.02885
1271	55	53	59	61	0.00373
1272	55	53	61	63	0.0012699999999999999
1273	55	53	65	67	0.0003235
1274	55	53	67	69	0.00020600000000000002
1275	55	53	69	71	0.000157
1276	55	53	71	73	0.0001295
1277	55	52	58	61	0.01125
1278	55	52	64	67	0.0008274999999999999
1279	55	52	67	70	0.0003895
1280	55	52	70	73	0.000289
1281	55	52	73	76	0.000211
1282	55	52	76	79	0.000152
1283	55	52	79	82	0.000122
1284	55	51	67	71	0.00065
1285	55	51	71	75	0.00037200000000000004
1286	55	51	75	79	0.0003085
1287	55	51	79	83	0.000214
1288	55	51	83	87	0.0001645
1289	55	51	87	91	0.000131
1290	55	50	70	75	0.000641
1291	55	50	75	80	0.0003985
1292	55	50	80	85	0.0002965
1293	55	50	85	90	0.00021300000000000003
1294	55	50	90	95	0.00018400000000000003
1295	55	50	95	100	0.000158
1296	55	49	73	79	0.000645
1297	55	49	79	85	0.00043900000000000005
1298	55	49	85	91	0.0002985
1299	55	49	91	97	0.0002545
1300	56	55	57	58	0.125
1301	56	55	59	60	0.004065
1302	56	55	62	63	0.000594
1303	56	55	63	64	0.00026250000000000004
1304	56	54	58	60	0.03235
1305	56	54	60	62	0.006835
1306	56	54	62	64	0.00157
1307	56	54	66	68	0.00038500000000000003
1308	56	54	70	72	0.0001965
1309	56	53	59	62	0.01051
1310	56	53	62	65	0.004065
1311	56	53	65	68	0.0007134999999999999
1312	56	53	68	71	0.00032700000000000003
1313	56	53	71	74	0.0003285
1314	56	53	74	77	0.0003275
1315	56	53	77	80	0.0002125
1316	56	53	80	83	0.0001295
1317	56	52	76	80	0.00038750000000000004
1318	56	52	80	84	0.0002055
1319	56	52	84	88	0.00014199999999999998
1320	56	51	71	76	0.0006605000000000001
1321	56	51	76	81	0.00044150000000000005
1322	56	51	81	86	0.0003185
1323	56	51	86	91	0.0002475
1324	56	51	91	96	0.0002025
1325	56	51	96	101	0.0001605
1326	56	50	74	80	0.0007199999999999999
1327	56	50	80	86	0.0004115
1328	57	56	58	59	0.1575
1329	57	56	61	62	0.00175
1330	57	56	65	66	0.00017
1331	57	55	63	65	0.000828
1332	57	55	67	69	0.000343
1333	57	55	73	75	0.00010295000000000001
1334	57	54	63	66	0.00713
1335	57	54	66	69	0.0006715
1336	57	54	69	72	0.00038
1337	57	54	72	75	0.00034
1338	57	54	78	81	0.000232
1339	57	54	81	84	0.00013000000000000002
1340	57	53	61	65	0.008305
1341	57	53	69	73	0.000647
1342	57	53	73	77	0.0003995
1343	57	53	77	81	0.000397
1344	57	52	72	77	0.00062
1345	57	52	77	82	0.00040899999999999997
1346	57	52	82	87	0.0003275
1347	57	51	63	69	0.006150000000000001
1348	57	51	75	81	0.0006335
1349	57	51	81	87	0.000424
1350	57	51	87	93	0.000312
1351	58	57	59	60	0.156
1352	58	57	61	62	0.005684999999999999
1353	58	57	63	64	0.0007869999999999999
1354	58	57	65	66	0.0002565
1355	58	57	66	67	0.00018549999999999998
1356	58	56	66	68	0.000489
1357	58	56	68	70	0.000343
1358	58	56	70	72	0.0002825
1359	58	55	76	79	0.00045050000000000005
1360	58	55	79	82	0.000174
1361	58	55	82	85	9.82e-05
1362	58	54	70	74	0.000581
1363	58	54	74	78	0.000352
1364	58	54	78	82	0.0004755
1365	58	54	90	94	0.00014399999999999998
1366	58	53	73	78	0.000528
1367	58	53	78	83	0.000528
1368	58	53	83	88	0.000296
1369	58	53	93	98	0.000203
1370	58	52	76	82	0.000713
1371	58	52	82	88	0.000387
1372	58	52	88	94	0.000371
1373	59	58	60	61	0.1335
1374	59	58	61	62	0.02475
1375	59	58	63	64	0.0018700000000000001
1376	59	58	64	65	0.000893
1377	59	58	65	66	0.0004335
1378	59	58	67	68	0.0001585
1379	59	57	61	63	0.03905
1380	59	57	65	67	0.00114
1381	59	57	67	69	0.0005225
1382	59	56	68	71	0.000748
1383	59	56	74	77	0.000321
1384	59	56	77	80	0.0002895
1385	59	56	80	83	0.000152
1386	59	56	83	86	0.0001305
1387	59	55	71	75	0.0006825
1388	59	55	75	79	0.000436
1389	59	55	87	91	0.000208
1390	59	55	91	95	0.0001515
1391	59	54	74	79	0.0006399999999999999
1392	59	54	79	84	0.0004305
1393	59	54	84	89	0.00030900000000000003
1394	59	53	65	71	0.004475
1395	59	53	77	83	0.000655
1396	59	53	83	89	0.0004095
1397	60	59	61	62	0.1795
1398	60	59	62	63	0.02875
1399	60	59	63	64	0.00632
1400	60	59	64	65	0.00204
1401	60	59	65	66	0.0009255
1402	60	59	66	67	0.0005
1403	60	59	67	68	0.0003075
1404	60	59	68	69	0.00018400000000000003
1405	60	58	62	64	0.0393
1406	60	58	66	68	0.00115
1407	60	58	68	70	0.000564
1408	60	58	72	74	0.0002915
1409	60	58	74	76	0.000172
1410	60	57	69	72	0.0007535
1411	60	57	72	75	0.0004875
1412	60	57	75	78	0.000325
1413	60	57	81	84	0.0001705
1414	60	57	84	87	0.000135
1415	60	56	72	76	0.0007149999999999999
1416	60	56	76	80	0.0003985
1417	60	55	65	70	0.004410000000000001
1418	60	55	75	80	0.0006804999999999999
1419	60	54	78	84	0.0007019999999999999
1420	60	54	84	90	0.0004205
1421	61	60	62	63	0.1405
1422	61	60	63	64	0.02095
1423	61	60	64	65	0.008305
1424	61	60	65	66	0.001795
1425	61	60	66	67	0.00086
1426	61	60	67	68	0.00039250000000000005
1427	61	60	68	69	0.00023949999999999997
1428	61	59	63	65	0.0412
1429	61	59	65	67	0.005105
1430	61	59	67	69	0.00112
1431	61	59	69	71	0.0005725000000000001
1432	61	59	71	73	0.00035150000000000003
1433	61	59	75	77	0.000181
1434	61	59	77	79	0.000126
1435	61	58	70	73	0.0007559999999999999
1436	61	58	73	76	0.0004775
1437	61	58	76	79	0.000254
1438	61	58	82	85	0.00020099999999999998
1439	61	58	85	88	0.0001185
1440	61	57	65	69	0.007825
1441	61	57	73	77	0.0007214999999999999
1442	61	57	77	81	0.00039099999999999996
1443	61	57	81	85	0.0002895
1444	61	57	85	89	0.0002235
1445	61	57	89	93	0.0001745
1446	61	57	93	97	0.0001485
1447	61	56	71	76	0.0036249999999999998
1448	61	56	76	81	0.0006405
1449	61	56	81	86	0.00045799999999999997
1450	61	56	86	91	0.000319
1451	61	56	91	96	0.000265
1452	61	55	73	79	0.0058850000000000005
1453	61	55	79	85	0.0006219999999999999
1454	61	55	85	91	0.00045950000000000006
1455	61	55	91	97	0.00037
1456	62	61	63	64	0.1505
1457	62	61	65	66	0.006155
1458	62	61	66	67	0.0020499999999999997
1459	62	61	67	68	0.0008995
1460	62	61	68	69	0.000462
1461	62	61	69	70	0.000294
1462	62	61	70	71	0.0002175
1463	62	60	64	66	0.045399999999999996
1464	62	60	68	70	0.00119
1465	62	60	70	72	0.0006095
1466	62	60	72	74	0.000333
1467	62	60	76	78	0.00017700000000000002
1468	62	59	65	68	0.0129
1469	62	59	71	74	0.000788
1470	62	59	74	77	0.000424
1471	62	59	77	80	0.0003365
1472	62	59	80	83	0.00022899999999999998
1473	62	59	83	86	0.0001675
1474	62	59	86	89	0.00014099999999999998
1475	62	58	74	78	0.0007975
1476	62	58	82	86	0.0003135
1477	62	58	86	90	0.00022149999999999996
1478	62	58	90	94	0.00018649999999999998
1479	62	57	77	82	0.0006885000000000001
1480	62	57	82	87	0.00045149999999999997
1481	62	57	87	92	0.0002715
1482	62	57	92	97	0.000251
1483	62	56	74	80	0.007975
1484	62	56	80	86	0.0007075
1485	62	56	86	92	0.00043249999999999994
1486	62	56	92	98	0.00036300000000000004
1487	63	62	64	65	0.164
1488	63	62	65	66	0.02315
1489	63	62	66	67	0.006295
1490	63	62	67	68	0.002035
1491	63	62	68	69	0.000822
1492	63	62	69	70	0.00040899999999999997
1493	63	62	70	71	0.000272
1494	63	61	65	67	0.03975
1495	63	61	69	71	0.001275
1496	63	61	73	75	0.00032450000000000003
1497	63	61	75	77	0.0002025
1498	63	61	77	79	0.000192
1499	63	61	79	81	0.0001455
1500	63	60	72	75	0.000777
1501	63	60	75	78	0.0005020000000000001
1502	63	59	67	71	0.009059999999999999
1503	63	59	75	79	0.00075
1504	63	59	79	83	0.0004565
1505	63	59	83	87	0.00030900000000000003
1506	63	59	91	95	0.0001895
1507	63	59	95	99	0.0001485
1508	63	58	78	83	0.0006070000000000001
1509	63	58	83	88	0.000484
1510	63	58	93	98	0.00027
1511	63	57	81	87	0.0006925
1512	63	57	87	93	0.000529
1513	64	63	65	66	0.14850000000000002
1514	64	63	66	67	0.0257
1515	64	63	67	68	0.00621
1516	64	63	68	69	0.002075
1517	64	63	69	70	0.0008879999999999999
1518	64	63	70	71	0.000469
1519	64	63	71	72	0.00025450000000000006
1520	64	63	72	73	0.00020400000000000003
1521	64	62	66	68	0.040249999999999994
1522	64	62	70	72	0.001175
1523	64	62	72	74	0.000562
1524	64	62	74	76	0.000365
1525	64	62	76	78	0.0001895
1526	64	62	80	82	0.000137
1527	64	61	67	70	0.015
1528	64	61	73	76	0.0007884999999999999
1529	64	61	76	79	0.0004675
1530	64	61	79	82	0.000313
1531	64	61	82	85	0.000218
1532	64	61	85	88	0.000163
1533	64	61	88	91	0.000145
1534	64	60	72	76	0.00212
1535	64	60	76	80	0.000669
1536	64	60	80	84	0.0004425000000000001
1537	64	60	84	88	0.000299
1538	64	60	88	92	0.0002325
1539	64	60	96	100	0.0001605
1540	64	59	74	79	0.007994999999999999
1541	64	59	79	84	0.000724
1542	64	59	84	89	0.00046349999999999994
1543	64	59	89	94	0.00032649999999999997
1544	64	58	82	88	0.0007034999999999999
1545	64	58	88	94	0.0005015
1546	65	64	66	67	0.17149999999999999
1547	65	64	67	68	0.0281
1548	65	64	68	69	0.006085
1549	65	64	69	70	0.0022500000000000003
1550	65	63	67	69	0.0385
1551	65	63	81	83	0.000321
1552	65	62	68	71	0.0131
1553	65	62	71	74	0.002755
1554	65	61	81	85	0.0004205
1555	65	61	97	101	0.0001575
1556	65	60	80	85	0.0004125
1557	66	65	67	68	0.1545
1558	66	65	68	69	0.025
1559	66	65	69	70	0.006165
1560	66	65	70	71	0.00228
1561	66	64	68	70	0.03915
1562	66	64	70	72	0.0065
1563	66	64	74	76	0.001019
1564	66	63	69	72	0.013
1565	66	63	81	84	0.000408
1566	66	63	84	87	0.00040699999999999997
1567	67	66	68	69	0.1675
1568	67	66	69	70	0.02525
1569	67	66	70	71	0.008705
1570	67	65	69	71	0.0433
1571	67	65	79	81	0.00028149999999999996
1572	67	64	70	73	0.014249999999999999
1573	67	63	79	83	0.0007015000000000001
1574	67	63	83	87	0.00044249999999999997
1575	67	62	72	77	0.0048000000000000004
1576	67	61	79	85	0.0006625
1577	68	67	69	70	0.1535
1578	68	67	70	71	0.025
1579	68	67	71	72	0.005965
1580	68	67	72	73	0.0022949999999999997
1581	68	67	73	74	0.0012100000000000001
1582	68	66	70	72	0.0417
1583	68	65	71	74	0.0126
1584	68	65	80	83	0.000567
1585	68	64	76	80	0.00795
1586	68	64	80	84	0.0006585
1587	68	63	78	83	0.00733
1588	68	62	80	86	0.0010899999999999998
1589	69	68	70	71	0.17149999999999999
1590	69	68	71	72	0.028900000000000002
1591	69	68	72	73	0.00642
1592	69	68	73	74	0.00028700000000000004
1593	69	68	76	77	0.0010444999999999999
1594	69	67	71	73	0.039650000000000005
1595	69	66	81	84	0.00044699999999999997
1596	69	65	73	77	0.0125
1597	69	65	81	85	0.00047
1598	69	65	97	101	0.00019549999999999998
1599	69	63	75	81	0.00357
1600	70	69	71	72	0.149
1601	70	69	72	73	0.0283
1602	70	69	76	77	0.000748
1603	70	68	72	74	0.04095
1604	70	68	74	76	0.008525
1605	70	68	80	82	0.000368
1606	70	68	82	84	0.000255
1607	70	67	73	76	0.01555
1608	70	67	88	91	0.0002285
1609	70	67	91	94	0.0001985
1610	70	65	95	100	0.0003745
1611	71	70	72	73	0.182
1612	71	70	73	74	0.0263
1613	71	70	75	76	0.0018050000000000002
1614	71	69	73	75	0.03795
1615	71	69	77	79	0.00145
1616	71	68	74	77	0.0107
1617	71	67	79	83	0.0018800000000000002
1618	71	66	81	86	0.000732
1619	71	66	91	96	0.0003095
1620	72	71	73	74	0.14100000000000001
1621	72	71	75	76	0.005355
1622	72	71	76	77	0.0012399999999999998
1623	72	70	74	76	0.0307
1624	72	67	92	97	0.0005985000000000001
1625	73	72	74	75	0.16299999999999998
1626	73	72	75	76	0.0218
1627	73	72	76	77	0.00754
1628	73	72	80	81	0.0001925
1629	73	71	75	77	0.0383
1630	73	70	82	85	0.000864
1631	73	70	88	91	0.0002545
1632	73	70	97	100	0.000163
1633	73	68	88	93	0.0008374999999999999
1634	73	67	91	97	0.0007635
1635	74	73	75	76	0.1405
1636	74	73	76	77	0.02805
1637	74	73	77	78	0.00425
1638	74	73	78	79	0.0033900000000000002
1639	74	73	79	80	0.0008855
1640	74	71	80	83	0.0016099999999999999
1641	74	71	89	92	0.00026199999999999997
1642	74	71	98	101	0.0001625
1643	74	70	86	90	0.00102
1644	74	70	90	94	0.0003765
1645	74	69	79	84	0.00502
1646	74	69	89	94	0.0008005
1647	74	69	94	99	0.0005889999999999999
1648	74	68	92	98	0.0009315
1649	75	74	76	77	0.1495
1650	75	74	77	78	0.020200000000000003
1651	75	74	78	79	0.0036750000000000003
1652	75	74	79	80	0.001635
1653	75	73	77	79	0.032
1654	75	73	79	81	0.00338
1655	75	73	81	83	0.0013350000000000002
1656	75	73	89	91	0.000263
1657	75	73	91	93	0.0001515
1658	75	71	95	99	0.00037600000000000003
1659	75	70	90	95	0.0009170000000000001
1660	76	75	77	78	0.133
1661	76	75	79	80	0.004835
1662	76	75	80	81	0.0016749999999999998
1663	76	75	83	84	0.0002735
1664	76	75	84	85	0.000141
1665	76	74	82	84	0.0014099999999999998
1666	76	73	79	82	0.0115
1667	76	73	88	91	0.0007545
1668	76	73	97	100	0.000195
1669	76	72	80	84	0.007165
1670	76	70	94	100	0.000827
1671	77	76	78	79	0.1395
1672	77	76	79	80	0.0202
1673	77	76	80	81	0.005585
1674	77	76	81	82	0.001725
1675	77	76	82	83	0.0007045
1676	77	76	83	84	0.0004445
1677	77	75	79	81	0.0319
1678	77	75	81	83	0.004095
1679	77	74	80	83	0.013399999999999999
1680	77	74	95	98	0.0001565
1681	77	74	98	101	0.00019449999999999998
1682	77	73	81	85	0.006875
1683	77	73	97	101	0.00037799999999999997
1684	77	72	82	87	0.00556
1685	77	71	83	89	0.004895
1686	77	71	95	101	0.0009005
1687	78	77	79	80	0.1335
1688	78	77	80	81	0.022600000000000002
1689	78	77	81	82	0.005379999999999999
1690	78	77	83	84	0.0007875
1691	78	76	80	82	0.034699999999999995
1692	78	75	81	84	0.01195
1693	78	74	82	86	0.00784
1694	78	73	93	98	0.0008569999999999999
1695	79	78	80	81	0.14450000000000002
1696	79	78	81	82	0.01965
1697	79	78	82	83	0.00511
1698	79	78	83	84	0.00179
1699	79	77	81	83	0.0343
1700	79	75	83	87	0.00746
1701	79	75	91	95	0.000998
1702	80	79	81	82	0.124
1703	80	79	82	83	0.0202
1704	80	79	83	84	0.004825
1705	80	79	84	85	0.0017100000000000001
1706	80	79	87	88	0.000307
1707	80	79	88	89	0.000223
1708	80	78	82	84	0.03375
1709	80	78	86	88	0.00167
1710	81	80	82	83	0.1405
1711	81	80	83	84	0.0206
1712	81	80	84	85	0.004955
1713	81	80	85	86	0.00151
1714	81	80	86	87	0.0006275
1715	81	80	89	90	0.00021500000000000002
1716	81	79	83	85	0.03225
1717	81	79	85	87	0.003325
1718	81	79	87	89	0.001315
1719	81	79	89	91	0.000668
1720	81	79	97	99	0.000161
1721	81	77	93	97	0.0009185
1722	81	77	97	101	0.0005615
1723	81	75	87	93	0.0050100000000000006
1724	81	75	93	99	0.00108
1725	82	81	83	84	0.132
1726	82	81	84	85	0.019200000000000002
1727	82	81	85	86	0.004455000000000001
1728	82	81	86	87	0.001565
1729	82	81	89	90	0.00034500000000000004
1730	82	81	90	91	0.0001935
1731	82	80	84	86	0.0304
1732	82	80	86	88	0.00317
1733	82	80	88	90	0.00155
1734	82	80	90	92	0.0006529999999999999
1735	82	80	92	94	0.00027150000000000004
1736	82	80	94	96	0.000372
1737	82	80	98	100	0.00015450000000000001
1738	82	79	85	88	0.01065
1739	82	79	88	91	0.0023950000000000004
1740	82	79	91	94	0.000773
1741	82	79	94	97	0.0006314999999999999
1742	82	79	97	100	0.0003545
1743	82	76	88	94	0.00453
1744	83	82	84	85	0.1285
1745	83	82	85	86	0.0184
1746	83	82	86	87	0.00459
1747	83	82	87	88	0.0017850000000000001
1748	83	82	89	90	0.00046699999999999997
1749	83	82	90	91	0.0003315
1750	83	81	85	87	0.02825
1751	83	81	87	89	0.0034850000000000003
1752	83	81	89	91	0.001305
1753	83	81	97	99	0.0002075
1754	83	81	99	101	0.0001615
1755	83	80	86	89	0.011
1756	83	80	89	92	0.0023
1757	83	80	92	95	0.0009609999999999998
1758	83	80	95	98	0.0005595000000000001
1759	83	80	98	101	0.000349
1760	83	79	87	91	0.00694
1761	83	79	91	95	0.001705
1762	83	79	95	99	0.0008399999999999999
1763	84	83	85	86	0.11699999999999999
1764	84	83	86	87	0.0166
1765	84	83	87	88	0.004195
1766	84	83	88	89	0.0016099999999999999
1767	84	83	89	90	0.0008345
1768	84	83	90	91	0.000465
1769	84	83	91	92	0.00029850000000000005
1770	84	83	92	93	0.0002315
1771	84	82	86	88	0.02695
1772	84	82	88	90	0.00364
1773	84	82	90	92	0.001305
1774	84	82	94	96	0.0003195
1775	84	82	96	98	0.000256
1776	84	82	98	100	0.000201
1777	84	81	87	90	0.011
1778	84	81	96	99	0.000495
1779	84	80	88	92	0.006765
1780	84	80	96	100	0.000871
1781	84	79	89	94	0.0053
1782	85	84	86	87	0.122
1783	85	84	87	88	0.01675
1784	85	84	88	89	0.004314999999999999
1785	85	84	89	90	0.0017499999999999998
1786	85	84	90	91	0.0008060000000000001
1787	85	84	91	92	0.00045299999999999995
1788	85	84	92	93	0.0003675
1789	85	84	93	94	0.000264
1790	85	83	87	89	0.026500000000000003
1791	85	83	89	91	0.0041600000000000005
1792	85	83	91	93	0.00131
1793	85	83	93	95	0.0007125
1794	85	83	95	97	0.00046699999999999997
1795	85	83	97	99	0.00027400000000000005
1796	85	82	88	91	0.010700000000000001
1797	85	82	91	94	0.002635
1798	85	82	94	97	0.0009015000000000001
1799	85	82	97	100	0.0005405
1800	85	81	89	93	0.007155
1801	85	81	97	101	0.0008445
1802	85	80	90	95	0.005245
1803	85	79	91	97	0.004875
1804	86	85	87	88	0.11850000000000001
1805	86	85	88	89	0.016399999999999998
1806	86	85	89	90	0.00422
1807	86	85	90	91	0.001555
1808	86	85	91	92	0.0008990000000000001
1809	86	85	92	93	0.00040649999999999996
1810	86	85	93	94	0.000273
1811	86	85	94	95	0.000204
1812	86	84	88	90	0.02665
1813	86	84	90	92	0.0036300000000000004
1814	86	84	92	94	0.0012799999999999999
1815	86	84	94	96	0.0006635
1816	86	84	96	98	0.00040300000000000004
1817	86	84	98	100	0.00027400000000000005
1818	86	83	89	92	0.0111
1819	86	83	92	95	0.0022500000000000003
1820	86	83	95	98	0.0009765
1821	86	83	98	101	0.0005549999999999999
1822	86	82	90	94	0.007
1823	86	81	91	96	0.005469999999999999
1824	86	81	96	101	0.0014849999999999998
1825	86	80	92	98	0.00492
1826	87	86	88	89	0.115
1827	87	86	89	90	0.0162
1828	87	86	90	91	0.0040149999999999995
1829	87	86	91	92	0.0017299999999999998
1830	87	86	93	94	0.0005265000000000001
1831	87	86	94	95	0.000366
1832	87	86	95	96	0.000245
1833	87	85	89	91	0.026099999999999998
1834	87	85	91	93	0.003475
1835	87	85	93	95	0.001375
1836	87	85	95	97	0.000675
1837	87	85	97	99	0.00041850000000000004
1838	87	85	99	101	0.000272
1839	87	84	90	93	0.0109
1840	87	84	93	96	0.002295
1841	87	84	96	99	0.00099
1842	87	83	91	95	0.007075
1843	87	82	92	97	0.00577
1844	87	81	93	99	0.004715
1845	88	87	89	90	0.11599999999999999
1846	88	87	90	91	0.0157
1847	88	87	91	92	0.004475
1848	88	87	92	93	0.00148
1849	88	87	93	94	0.0010095
1850	88	87	94	95	0.0005690000000000001
1851	88	87	95	96	0.000367
1852	88	86	90	92	0.02575
1853	88	86	92	94	0.0038
1854	88	86	94	96	0.0015149999999999999
1855	88	86	96	98	0.0007905
1856	88	86	98	100	0.0004225
1857	88	85	91	94	0.01145
1858	88	85	97	100	0.0009875
1859	88	84	92	96	0.007065
1860	88	83	93	98	0.00587
1861	88	82	94	100	0.00541
1862	89	88	90	91	0.108
1863	89	88	91	92	0.01675
1864	89	88	93	94	0.001405
1865	89	88	95	96	0.0005009999999999999
1866	89	88	97	98	0.000243
1867	89	87	91	93	0.0274
1868	89	87	93	95	0.003855
1869	89	87	95	97	0.00137
1870	89	87	97	99	0.0006845
1871	89	87	99	101	0.0004255
1872	89	86	92	95	0.011349999999999999
1873	89	86	98	101	0.0009975000000000001
1874	89	85	93	97	0.0078049999999999994
1875	89	84	94	99	0.005690000000000001
1876	90	89	91	92	0.1285
1877	90	89	92	93	0.0142
1878	90	89	93	94	0.0038199999999999996
1879	90	89	94	95	0.001455
1880	90	89	95	96	0.0008320000000000001
1881	90	89	96	97	0.000443
1882	90	89	97	98	0.0003225
1883	90	89	98	99	0.000224
1884	90	88	92	94	0.0246
1885	90	88	94	96	0.00324
1886	90	88	96	98	0.001235
1887	90	88	98	100	0.0006850000000000001
1888	90	87	93	96	0.01035
1889	90	86	94	98	0.007555000000000001
1890	91	90	92	93	0.10750000000000001
1891	91	90	93	94	0.01385
1892	91	90	94	95	0.00339
1893	91	90	95	96	0.001505
1894	91	90	96	97	0.0008290000000000001
1895	91	90	97	98	0.000458
1896	91	90	98	99	0.000303
1897	91	90	99	100	0.00021799999999999999
1898	91	89	93	95	0.0225
1899	91	89	95	97	0.0031349999999999998
1900	91	89	97	99	0.001265
1901	91	89	99	101	0.0007025
1902	91	88	94	97	0.01013
1903	91	87	95	99	0.0069
1904	92	91	93	94	0.107
1905	92	91	94	95	0.013049999999999999
1906	92	91	95	96	0.00377
1907	92	91	96	97	0.0015
1908	92	91	97	98	0.0007855
1909	92	91	98	99	0.000481
1910	92	91	99	100	0.000321
1911	92	91	100	101	0.000241
1912	92	90	94	96	0.02135
1913	92	90	98	100	0.0013
1914	92	89	95	98	0.0106
1915	92	88	96	100	0.007384999999999999
1916	93	92	94	95	0.09945000000000001
1917	93	92	95	96	0.01375
1918	93	92	96	97	0.003615
1919	93	92	97	98	0.0014099999999999998
1920	93	92	98	99	0.0007199999999999999
1921	93	92	99	100	0.00044800000000000005
1922	93	92	100	101	0.0003165
1923	93	91	95	97	0.0218
1924	93	91	97	99	0.003175
1925	93	91	99	101	0.001315
1926	93	90	96	99	0.010355
1927	94	93	95	96	0.10649999999999998
1928	94	93	96	97	0.01285
1929	94	93	97	98	0.0033950000000000004
1930	94	93	98	99	0.00134
1931	94	93	99	100	0.0007255
1932	94	93	100	101	0.0004494999999999999
1933	94	92	96	98	0.0223
1934	94	92	98	100	0.00304
1935	94	91	97	100	0.00983
1936	95	94	96	97	0.10295
1937	95	94	97	98	0.012150000000000001
1938	95	94	98	99	0.00309
1939	95	94	99	100	0.0013050000000000002
1940	95	94	100	101	0.0007294999999999999
1941	95	93	97	99	0.01985
1942	96	95	97	98	0.10650000000000001
1943	96	95	98	99	0.011949999999999999
1944	96	95	99	100	0.00319
1945	96	95	100	101	0.001455
1946	96	94	98	100	0.01935
1947	97	96	98	99	0.104
1948	97	96	99	100	0.011349999999999999
1949	97	96	100	101	0.0032849999999999997
1950	97	95	99	101	0.02055
1951	98	97	99	100	0.09759999999999999
1952	99	98	100	101	0.09175
