1097										
1	1	1	1	2	1	3	1	4	-2.091191431	78.72324
2	1	1	1	2	1	4	1	5	-0.536606592	78.4849
3	1	1	1	2	1	5	1	6	-0.185559233	73.5904
4	1	1	1	2	1	6	1	7	-0.0901392	70.37515
5	1	1	1	2	1	7	1	8	-0.04791596	64.92075
6	1	1	1	2	1	8	1	9	-0.030163875	62.49326
7	1	1	1	2	1	9	1	10	-0.01747424	57.17789
8	1	1	1	2	1	10	1	11	-0.011270082	53.05202
9	1	1	1	2	1	11	1	12	-0.008905755	51.32299
10	1	2	1	3	1	4	1	5	-2.010117781	75.31611
11	1	2	1	3	1	5	1	6	-0.515307923	77.8754
12	1	2	1	3	1	6	1	7	-0.197767751	74.81994
13	1	2	1	3	1	7	1	8	-0.09273107	69.04743
14	1	2	1	3	1	8	1	9	-0.049664604	66.91039
15	1	2	1	3	1	9	1	10	-0.02885011	61.50704
16	1	2	1	3	1	10	1	11	-0.017838212	57.12972
17	1	2	1	3	1	11	1	12	-0.012604688	55.49816
18	1	2	1	3	1	12	1	13	-0.00854636	51.70395
19	1	3	1	4	1	5	1	6	-2.120118925	79.39201
20	1	3	1	4	1	6	1	7	-0.512941181	78.50694
21	1	3	1	4	1	7	1	8	-0.184925168	72.24678
22	1	3	1	4	1	8	1	9	-0.0927128	70.37745
23	1	3	1	4	1	9	1	10	-0.048787889	65.40171
24	1	3	1	4	1	10	1	11	-0.028414082	61.22854
25	1	3	1	4	1	11	1	12	-0.018834197	60.17098
26	1	3	1	4	1	12	1	13	-0.012680926	56.52405
27	1	3	1	4	1	13	1	14	-0.008440994	49.74384
28	1	4	1	5	1	6	1	7	-2.055826156	78.1536
29	1	4	1	5	1	7	1	8	-0.498423421	75.15606
30	1	4	1	5	1	8	1	9	-0.194227148	72.60633
31	1	4	1	5	1	9	1	10	-0.090252129	68.37187
32	1	4	1	5	1	10	1	11	-0.048591237	64.31996
33	1	4	1	5	1	11	1	12	-0.029432841	63.50855
34	1	4	1	5	1	12	1	13	-0.019054225	59.86401
35	1	4	1	5	1	13	1	14	-0.011644783	52.98076
36	1	4	1	5	1	14	1	15	-0.008391224	50.23016
37	1	5	1	6	1	7	1	8	-2.044424952	76.27229
38	1	5	1	6	1	8	1	9	-0.491788751	73.87735
39	1	5	1	6	1	9	1	10	-0.182337539	71.64739
40	1	5	1	6	1	10	1	11	-0.089969442	67.9514
41	1	5	1	6	1	11	1	12	-0.049979188	67.45656
42	1	5	1	6	1	12	1	13	-0.030006953	63.83553
43	1	5	1	6	1	13	1	14	-0.017508907	56.76169
44	1	5	1	6	1	14	1	15	-0.012071326	53.95779
45	1	5	1	6	1	15	1	16	-0.008243835	50.68672
46	1	6	1	7	1	8	1	9	-2.083444411	78.09405
47	1	6	1	7	1	9	1	10	-0.4916371	76.14304
48	1	6	1	7	1	10	1	11	-0.183690508	71.88625
49	1	6	1	7	1	11	1	12	-0.096287515	71.83314
50	1	6	1	7	1	12	1	13	-0.051008046	68.15491
51	1	6	1	7	1	13	1	14	-0.028661695	60.42896
52	1	6	1	7	1	14	1	15	-0.018280952	57.91683
53	1	6	1	7	1	15	1	16	-0.012226143	54.82079
54	1	6	1	7	1	16	1	17	-0.008129117	49.04646
55	1	7	1	8	1	9	1	10	-1.981453943	75.79814
56	1	7	1	8	1	10	1	11	-0.483028407	75.80687
57	1	7	1	8	1	11	1	12	-0.199397346	77.72498
58	1	7	1	8	1	12	1	13	-0.091960087	73.48907
59	1	7	1	8	1	13	1	14	-0.049022828	64.56947
60	1	7	1	8	1	14	1	15	-0.030078007	61.8403
61	1	7	1	8	1	15	1	16	-0.019128157	58.72691
62	1	7	1	8	1	16	1	17	-0.011947838	52.78703
63	1	7	1	8	1	17	1	18	-0.008457556	50.19626
64	1	8	1	9	1	10	1	11	-1.908824075	71.672
65	1	8	1	9	1	11	1	12	-0.508610615	76.55048
66	1	8	1	9	1	12	1	13	-0.203439964	75.76508
67	1	8	1	9	1	13	1	14	-0.089457682	67.42655
68	1	8	1	9	1	14	1	15	-0.048878429	65.28774
69	1	8	1	9	1	15	1	16	-0.028633655	62.65657
70	1	8	1	9	1	16	1	17	-0.017705424	56.83532
71	1	8	1	9	1	17	1	18	-0.011893546	54.19473
72	1	8	1	9	1	18	1	19	-0.008880502	50.80356
73	1	9	1	10	1	11	1	12	-2.014083976	75.63544
74	1	9	1	10	1	12	1	13	-0.516210407	78.61287
75	1	9	1	10	1	13	1	14	-0.183137964	71.09872
76	1	9	1	10	1	14	1	15	-0.091005833	69.06616
77	1	9	1	10	1	15	1	16	-0.050541801	66.63632
78	1	9	1	10	1	16	1	17	-0.028775929	60.91388
79	1	9	1	10	1	17	1	18	-0.018540851	58.07789
80	1	9	1	10	1	18	1	19	-0.012663171	54.71188
81	1	9	1	10	1	19	1	20	-0.008396989	50.46725
82	1	10	1	11	1	12	1	13	-2.010269587	75.80963
83	1	10	1	11	1	13	1	14	-0.486718054	71.85666
84	1	10	1	11	1	14	1	15	-0.191920248	71.33411
85	1	10	1	11	1	15	1	16	-0.092115164	69.2078
86	1	10	1	11	1	16	1	17	-0.048544942	63.74624
87	1	10	1	11	1	17	1	18	-0.027609964	60.72162
88	1	10	1	11	1	18	1	19	-0.01747728	57.44369
89	1	10	1	11	1	19	1	20	-0.012079279	53.28206
90	1	10	1	11	1	20	1	21	-0.008217909	48.31872
91	1	11	1	12	1	13	1	14	-1.934421706	72.91071
92	1	11	1	12	1	14	1	15	-0.509194132	78.12999
93	1	11	1	12	1	15	1	16	-0.199148938	76.81807
94	1	11	1	12	1	16	1	17	-0.093138182	70.74764
95	1	11	1	12	1	17	1	18	-0.050188774	67.20838
96	1	11	1	12	1	18	1	19	-0.030316097	63.53927
97	1	11	1	12	1	19	1	20	-0.017919517	59.20784
98	1	11	1	12	1	20	1	21	-0.011765757	53.806
99	1	11	1	12	1	21	1	22	-0.008157142	50.13506
100	1	12	1	13	1	14	1	15	-1.944666894	71.60054
101	1	12	1	13	1	15	1	16	-0.527314908	80.86174
102	1	12	1	13	1	16	1	17	-0.199215431	76.26721
103	1	12	1	13	1	17	1	18	-0.094224896	73.05134
104	1	12	1	13	1	18	1	19	-0.051393875	69.12453
105	1	12	1	13	1	19	1	20	-0.029815145	64.83764
106	1	12	1	13	1	20	1	21	-0.01815145	59.26472
107	1	12	1	13	1	21	1	22	-0.011952642	55.64865
108	1	12	1	13	1	22	1	23	-0.00860488	51.54436
109	1	13	1	14	1	15	1	16	-1.908067725	72.59554
110	1	13	1	14	1	16	1	17	-0.485595211	73.61974
111	1	13	1	14	1	17	1	18	-0.189268362	72.78862
112	1	13	1	14	1	18	1	19	-0.088694876	68.8559
113	1	13	1	14	1	19	1	20	-0.049277117	65.35089
114	1	13	1	14	1	20	1	21	-0.0283163	60.52716
115	1	13	1	14	1	21	1	22	-0.017597656	57.79131
116	1	13	1	14	1	22	1	23	-0.01183169	54.09035
117	1	13	1	14	1	23	1	24	-0.008206346	50.0293
118	1	14	1	15	1	16	1	17	-2.082494785	78.11772
119	1	14	1	15	1	17	1	18	-0.526734768	80.17353
120	1	14	1	15	1	18	1	19	-0.198252772	74.63007
121	1	14	1	15	1	19	1	20	-0.090782056	69.9489
122	1	14	1	15	1	20	1	21	-0.047800656	64.20926
123	1	14	1	15	1	21	1	22	-0.02695349	61.71565
124	1	14	1	15	1	22	1	23	-0.01821126	57.84074
125	1	14	1	15	1	23	1	24	-0.01222486	53.55795
126	1	14	1	15	1	24	1	25	-0.00816661	51.26647
127	1	15	1	16	1	17	1	18	-2.003599413	78.69358
128	1	15	1	16	1	18	1	19	-0.496234941	75.94093
129	1	15	1	16	1	19	1	20	-0.191844891	72.22949
130	1	15	1	16	1	20	1	21	-0.087521361	65.79289
131	1	15	1	16	1	21	1	22	-0.049084934	63.79516
132	1	15	1	16	1	22	1	23	-0.027238743	60.06125
133	1	15	1	16	1	23	1	24	-0.01776694	55.89789
134	1	15	1	16	1	24	1	25	-0.011738791	53.64316
135	1	15	1	16	1	25	1	26	-0.00813369	49.17011
136	1	16	1	17	1	18	1	19	-2.147534227	78.7415
137	1	16	1	17	1	19	1	20	-0.519173353	77.07321
138	1	16	1	17	1	20	1	21	-0.178611368	70.18313
139	1	16	1	17	1	21	1	22	-0.090632265	68.26571
140	1	16	1	17	1	22	1	23	-0.048034371	64.26629
141	1	16	1	17	1	23	1	24	-0.027694533	60.0467
142	1	16	1	17	1	24	1	25	-0.018478095	57.89437
143	1	16	1	17	1	25	1	26	-0.012308831	53.64288
144	1	16	1	17	1	26	1	27	-0.008547293	49.86594
145	1	17	1	18	1	19	1	20	-1.870257587	72.9553
146	1	17	1	18	1	20	1	21	-0.480734086	70.96483
147	1	17	1	18	1	21	1	22	-0.178743971	70.94827
148	1	17	1	18	1	22	1	23	-0.088532707	66.87025
149	1	17	1	18	1	23	1	24	-0.046792074	62.50606
150	1	17	1	18	1	24	1	25	-0.027324402	60.36008
151	1	17	1	18	1	25	1	26	-0.017571048	56.52764
152	1	17	1	18	1	26	1	27	-0.011720844	52.65051
153	1	17	1	18	1	27	1	28	-0.007589347	47.18565
154	1	18	1	19	1	20	1	21	-1.920756799	75.31613
155	1	18	1	19	1	21	1	22	-0.497648929	76.49811
156	1	18	1	19	1	22	1	23	-0.187853937	70.93172
157	1	18	1	19	1	23	1	24	-0.082907647	66.0966
158	1	18	1	19	1	24	1	25	-0.046988107	64.06688
159	1	18	1	19	1	25	1	26	-0.027907609	60.72269
160	1	18	1	19	1	26	1	27	-0.018139166	56.99988
161	1	18	1	19	1	27	1	28	-0.011500244	51.41667
162	1	18	1	19	1	28	1	29	-0.008133279	48.70742
163	1	19	1	20	1	21	1	22	-2.112149227	80.01427
164	1	19	1	20	1	22	1	23	-0.518747635	77.70218
165	1	19	1	20	1	23	1	24	-0.187210614	72.49565
166	1	19	1	20	1	24	1	25	-0.089015989	69.79789
167	1	19	1	20	1	25	1	26	-0.04988902	66.55361
168	1	19	1	20	1	26	1	27	-0.029579895	62.7149
169	1	19	1	20	1	27	1	28	-0.018544413	56.81057
170	1	19	1	20	1	28	1	29	-0.012213579	53.93945
171	1	19	1	20	1	29	1	30	-0.008241032	51.14905
172	1	20	1	21	1	22	1	23	-2.191935545	81.67325
173	1	20	1	21	1	23	1	24	-0.509250355	79.80314
174	1	20	1	21	1	24	1	25	-0.205232073	76.0234
175	1	20	1	21	1	25	1	26	-0.091451227	72.40435
176	1	20	1	21	1	26	1	27	-0.051482536	68.5279
177	1	20	1	21	1	27	1	28	-0.028047517	62.28736
178	1	20	1	21	1	28	1	29	-0.018064497	59.32313
179	1	20	1	21	1	29	1	30	-0.012543807	56.64282
180	1	20	1	21	1	30	1	31	-0.008582982	51.6408
181	1	21	1	22	1	23	1	24	-1.972893864	75.08531
182	1	21	1	22	1	24	1	25	-0.502946442	76.74742
183	1	21	1	22	1	25	1	26	-0.195136982	73.88657
184	1	21	1	22	1	26	1	27	-0.093744637	70.89024
185	1	21	1	22	1	27	1	28	-0.047175677	64.87486
186	1	21	1	22	1	28	1	29	-0.029717553	62.16424
187	1	21	1	22	1	29	1	30	-0.019396531	60.02661
188	1	21	1	22	1	30	1	31	-0.012159864	54.97146
189	1	21	1	22	1	31	1	32	-0.008429709	50.01129
190	1	22	1	23	1	24	1	25	-2.028315825	77.72389
191	1	22	1	23	1	25	1	26	-0.499727825	73.82262
192	1	22	1	23	1	26	1	27	-0.194371989	72.42884
193	1	22	1	23	1	27	1	28	-0.086581354	66.86792
194	1	22	1	23	1	28	1	29	-0.048953223	64.30557
195	1	22	1	23	1	29	1	30	-0.029422417	62.8701
196	1	22	1	23	1	30	1	31	-0.017771741	57.85231
197	1	22	1	23	1	31	1	32	-0.01174277	52.92723
198	1	22	1	23	1	32	1	33	-0.008207325	50.53384
199	1	23	1	24	1	25	1	26	-2.104383472	78.60925
200	1	23	1	24	1	26	1	27	-0.508570436	77.16083
201	1	23	1	24	1	27	1	28	-0.195518647	72.28844
202	1	23	1	24	1	28	1	29	-0.089842293	69.06276
203	1	23	1	24	1	29	1	30	-0.0516215	68.03026
204	1	23	1	24	1	30	1	31	-0.029174051	62.54459
205	1	23	1	24	1	31	1	32	-0.018230262	57.34761
206	1	23	1	24	1	32	1	33	-0.012356137	54.69722
207	1	23	1	24	1	33	1	34	-0.00799253	48.61052
208	1	24	1	25	1	26	1	27	-1.962889906	73.4538
209	1	24	1	25	1	27	1	28	-0.504101518	77.16778
210	1	24	1	25	1	28	1	29	-0.187223923	73.17331
211	1	24	1	25	1	29	1	30	-0.095958986	72.96505
212	1	24	1	25	1	30	1	31	-0.05036358	67.16564
213	1	24	1	25	1	31	1	32	-0.028531574	61.74414
214	1	24	1	25	1	32	1	33	-0.018336352	58.85364
215	1	24	1	25	1	33	1	34	-0.011405262	52.98879
216	1	24	1	25	1	34	1	35	-0.007850776	48.88964
217	1	25	1	26	1	27	1	28	-2.169825819	82.42041
218	1	25	1	26	1	28	1	29	-0.490038831	74.44097
219	1	25	1	26	1	29	1	30	-0.203450192	75.36045
220	1	25	1	26	1	30	1	31	-0.093081671	70.04294
221	1	25	1	26	1	31	1	32	-0.048176954	64.76804
222	1	25	1	26	1	32	1	33	-0.028867936	62.24532
223	1	25	1	26	1	33	1	34	-0.017897838	57.04929
224	1	25	1	26	1	34	1	35	-0.011709677	52.88359
225	1	25	1	26	1	35	1	36	-0.008179728	48.98204
226	1	26	1	27	1	28	1	29	-1.97276872	76.63266
227	1	26	1	27	1	29	1	30	-0.518006035	79.29954
228	1	26	1	27	1	30	1	31	-0.195179299	73.79392
229	1	26	1	27	1	31	1	32	-0.089196439	67.38138
230	1	26	1	27	1	32	1	33	-0.049058196	64.68421
231	1	26	1	27	1	33	1	34	-0.02663592	60.5172
232	1	26	1	27	1	34	1	35	-0.017449655	56.04718
233	1	26	1	27	1	35	1	36	-0.011419817	52.11195
234	1	26	1	27	1	36	1	37	-0.00805395	49.65723
235	1	27	1	28	1	29	1	30	-2.112770152	78.68556
236	1	27	1	28	1	30	1	31	-0.506619994	78.74658
237	1	27	1	28	1	31	1	32	-0.197968963	72.36239
238	1	27	1	28	1	32	1	33	-0.090753922	69.73661
239	1	27	1	28	1	33	1	34	-0.04764074	66.76595
240	1	27	1	28	1	34	1	35	-0.028911332	61.91183
241	1	27	1	28	1	35	1	36	-0.017722033	57.95375
242	1	27	1	28	1	36	1	37	-0.012253064	55.51296
243	1	27	1	28	1	37	1	38	-0.008683354	52.69254
244	1	28	1	29	1	30	1	31	-2.22515676	83.52487
245	1	28	1	29	1	31	1	32	-0.501610386	76.03236
246	1	28	1	29	1	32	1	33	-0.183302609	72.90298
247	1	28	1	29	1	33	1	34	-0.09534722	71.56617
248	1	28	1	29	1	34	1	35	-0.048296307	65.68344
249	1	28	1	29	1	35	1	36	-0.028287593	61.58897
250	1	28	1	29	1	36	1	37	-0.018380042	59.02472
251	1	28	1	29	1	37	1	38	-0.01248445	56.12917
252	1	28	1	29	1	38	1	39	-0.008269029	49.89298
253	1	29	1	30	1	31	1	32	-1.984604893	76.76006
254	1	29	1	30	1	32	1	33	-0.507878922	75.66933
255	1	29	1	30	1	33	1	34	-0.210149629	77.99846
256	1	29	1	30	1	34	1	35	-0.091285645	70.58321
257	1	29	1	30	1	35	1	36	-0.047927309	66.14135
258	1	29	1	30	1	36	1	37	-0.029455022	63.45232
259	1	29	1	30	1	37	1	38	-0.018969083	60.51329
260	1	29	1	30	1	38	1	39	-0.011742421	54.00213
261	1	29	1	30	1	39	1	40	-0.008488053	50.39695
262	1	30	1	31	1	32	1	33	-1.927005758	72.22789
263	1	30	1	31	1	33	1	34	-0.544668473	79.90551
264	1	30	1	31	1	34	1	35	-0.194349249	73.32348
265	1	30	1	31	1	35	1	36	-0.08921415	68.89955
266	1	30	1	31	1	36	1	37	-0.048020913	65.97997
267	1	30	1	31	1	37	1	38	-0.029588475	62.85496
268	1	30	1	31	1	38	1	39	-0.017983748	56.32769
269	1	30	1	31	1	39	1	40	-0.011949257	52.78245
270	1	30	1	31	1	40	1	41	-0.008081148	48.67881
271	1	31	1	32	1	33	1	34	-1.999003861	75.68195
272	1	31	1	32	1	34	1	35	-0.512255135	77.77679
273	1	31	1	32	1	35	1	36	-0.197692347	75.33424
274	1	31	1	32	1	36	1	37	-0.095633675	72.68065
275	1	31	1	32	1	37	1	38	-0.051362484	69.02421
276	1	31	1	32	1	38	1	39	-0.029209012	62.00463
277	1	31	1	32	1	39	1	40	-0.01779308	58.42633
278	1	31	1	32	1	40	1	41	-0.012033977	54.28667
279	1	31	1	32	1	41	1	42	-0.008125243	49.18817
280	1	32	1	33	1	34	1	35	-1.91236201	74.2829
281	1	32	1	33	1	35	1	36	-0.492942503	73.86553
282	1	32	1	33	1	36	1	37	-0.196073015	73.47827
283	1	32	1	33	1	37	1	38	-0.089244318	69.24461
284	1	32	1	33	1	38	1	39	-0.045939322	62.19868
285	1	32	1	33	1	39	1	40	-0.027306286	58.95174
286	1	32	1	33	1	40	1	41	-0.017371826	55.23842
287	1	32	1	33	1	41	1	42	-0.011389804	50.4372
288	1	32	1	33	1	42	1	43	-0.007546541	46.32018
289	1	33	1	34	1	35	1	36	-2.018752528	75.09154
290	1	33	1	34	1	36	1	37	-0.527117989	80.70855
291	1	33	1	34	1	37	1	38	-0.200999689	76.84496
292	1	33	1	34	1	38	1	39	-0.089565172	69.34179
293	1	33	1	34	1	39	1	40	-0.050002707	66.7229
294	1	33	1	34	1	40	1	41	-0.028359314	63.07609
295	1	33	1	34	1	41	1	42	-0.017640861	58.08231
296	1	33	1	34	1	42	1	43	-0.012209373	53.7819
297	1	33	1	34	1	43	1	44	-0.008730495	50.7301
298	1	34	1	35	1	36	1	37	-1.973234202	78.5569
299	1	34	1	35	1	37	1	38	-0.510201384	77.2215
300	1	34	1	35	1	38	1	39	-0.189556234	70.96421
301	1	34	1	35	1	39	1	40	-0.089518756	69.93018
302	1	34	1	35	1	40	1	41	-0.049724964	66.2653
303	1	34	1	35	1	41	1	42	-0.028645442	61.3616
304	1	34	1	35	1	42	1	43	-0.017971925	56.65839
305	1	34	1	35	1	43	1	44	-0.012258451	53.31925
306	1	34	1	35	1	44	1	45	-0.00812587	49.29251
307	1	35	1	36	1	37	1	38	-1.828462108	70.15387
308	1	35	1	36	1	38	1	39	-0.458971525	70.44788
309	1	35	1	36	1	39	1	40	-0.195905777	74.83515
310	1	35	1	36	1	40	1	41	-0.090797375	70.77176
311	1	35	1	36	1	41	1	42	-0.047723461	65.53625
312	1	35	1	36	1	42	1	43	-0.027829409	60.38742
313	1	35	1	36	1	43	1	44	-0.017773868	56.80085
314	1	35	1	36	1	44	1	45	-0.011535451	52.7025
315	1	35	1	36	1	45	1	46	-0.008177354	50.42327
316	1	36	1	37	1	38	1	39	-1.932582745	74.29498
317	1	36	1	37	1	39	1	40	-0.504432901	77.19685
318	1	36	1	37	1	40	1	41	-0.186233681	72.34206
319	1	36	1	37	1	41	1	42	-0.091533387	67.21719
320	1	36	1	37	1	42	1	43	-0.046175557	62.68632
321	1	36	1	37	1	43	1	44	-0.028688406	59.38563
322	1	36	1	37	1	44	1	45	-0.017547776	55.52667
323	1	36	1	37	1	45	1	46	-0.011896307	53.60343
324	1	36	1	37	1	46	1	47	-0.008394302	50.76615
325	1	37	1	38	1	39	1	40	-2.033767588	76.97905
326	1	37	1	38	1	40	1	41	-0.474148729	72.24265
327	1	37	1	38	1	41	1	42	-0.176570714	66.66849
328	1	37	1	38	1	42	1	43	-0.082673301	63.32187
329	1	37	1	38	1	43	1	44	-0.043999961	60.39382
330	1	37	1	38	1	44	1	45	-0.026024053	56.7429
331	1	37	1	38	1	45	1	46	-0.017118466	55.36628
332	1	37	1	38	1	46	1	47	-0.012118574	52.77746
333	1	37	1	38	1	47	1	48	-0.007920243	47.86551
334	1	38	1	39	1	40	1	41	-1.987479725	75.65176
335	1	38	1	39	1	41	1	42	-0.506839053	76.14121
336	1	38	1	39	1	42	1	43	-0.204569744	75.38388
337	1	38	1	39	1	43	1	44	-0.093632499	71.22403
338	1	38	1	39	1	44	1	45	-0.047097455	65.41417
339	1	38	1	39	1	45	1	46	-0.030185862	63.34414
340	1	38	1	39	1	46	1	47	-0.019050719	60.00811
341	1	38	1	39	1	47	1	48	-0.011983753	54.45229
342	1	39	1	40	1	41	1	42	-1.979329855	73.74641
343	1	39	1	40	1	42	1	43	-0.518358553	76.95887
344	1	39	1	40	1	43	1	44	-0.202303244	77.06122
345	1	39	1	40	1	44	1	45	-0.093453374	70.40932
346	1	39	1	40	1	45	1	46	-0.048776357	67.86131
347	1	39	1	40	1	46	1	47	-0.030385766	63.93346
348	1	39	1	40	1	47	1	48	-0.018132802	58.15425
349	1	40	1	41	1	42	1	43	-2.080323109	75.93838
350	1	40	1	41	1	43	1	44	-0.518678551	80.6829
351	1	40	1	41	1	44	1	45	-0.196390597	74.56637
352	1	40	1	41	1	45	1	46	-0.098089647	72.6112
353	1	40	1	41	1	46	1	47	-0.050908687	68.41406
354	1	40	1	41	1	47	1	48	-0.029753282	62.58636
355	1	41	1	42	1	43	1	44	-1.993783318	76.58433
356	1	41	1	42	1	44	1	45	-0.48824181	75.67845
357	1	41	1	42	1	45	1	46	-0.203624615	77.88201
358	1	41	1	42	1	46	1	47	-0.094157702	73.74371
359	1	41	1	42	1	47	1	48	-0.050068653	67.80155
360	1	42	1	43	1	44	1	45	-2.039292082	75.60005
361	1	42	1	43	1	45	1	46	-0.563659499	82.7589
362	1	42	1	43	1	46	1	47	-0.207112279	77.25611
363	1	42	1	43	1	47	1	48	-0.092140955	70.84877
364	1	43	1	44	1	45	1	46	-2.386233374	87.49156
365	1	43	1	44	1	46	1	47	-0.539040537	80.74802
366	1	43	1	44	1	47	1	48	-0.189281548	75.66722
367	1	44	1	45	1	46	1	47	-1.93820756	75.29129
368	1	44	1	45	1	47	1	48	-0.499473915	75.99175
369	1	45	1	46	1	47	1	48	-1.895889121	71.47516
370	1	1	1	3	1	5	1	7	-0.999683094	75.6657
371	1	1	1	3	1	7	1	9	-0.220269801	66.67982
372	1	1	1	3	1	9	1	11	-0.078539121	58.00091
373	1	1	1	3	1	11	1	13	-0.037283483	52.11812
374	1	1	1	3	1	13	1	15	-0.01704872	42.72924
375	1	1	1	3	1	15	1	17	-0.010252218	36.87134
376	1	1	1	3	1	17	1	19	-0.006364725	32.54773
377	1	1	1	3	1	19	1	21	-0.003914458	27.57036
378	1	1	1	3	1	21	1	23	-0.002719237	23.99872
379	1	2	1	4	1	6	1	8	-0.978442402	75.58247
380	1	2	1	4	1	8	1	10	-0.22120544	67.18101
381	1	2	1	4	1	10	1	12	-0.077890248	59.02961
382	1	2	1	4	1	12	1	14	-0.035433694	51.60406
383	1	2	1	4	1	14	1	16	-0.017796651	44.00012
384	1	2	1	4	1	16	1	18	-0.010341882	37.01184
385	1	2	1	4	1	18	1	20	-0.006460395	32.5865
386	1	2	1	4	1	20	1	22	-0.004074703	27.17626
387	1	2	1	4	1	22	1	24	-0.002719839	24.49619
388	1	3	1	5	1	7	1	9	-0.952668438	73.59209
389	1	3	1	5	1	9	1	11	-0.215026972	65.74685
390	1	3	1	5	1	11	1	13	-0.079581965	60.66227
391	1	3	1	5	1	13	1	15	-0.035028992	50.44666
392	1	3	1	5	1	15	1	17	-0.017668374	43.53497
393	1	3	1	5	1	17	1	19	-0.01008079	37.84526
394	1	3	1	5	1	19	1	21	-0.006266401	31.77717
395	1	3	1	5	1	21	1	23	-0.004018966	27.30609
396	1	3	1	5	1	23	1	25	-0.002673035	25.21518
397	1	4	1	6	1	8	1	10	-0.952231406	72.63197
398	1	4	1	6	1	10	1	12	-0.213923215	66.3738
399	1	4	1	6	1	12	1	14	-0.078751547	59.36577
400	1	4	1	6	1	14	1	16	-0.034482143	50.96988
401	1	4	1	6	1	16	1	18	-0.017599198	42.70405
402	1	4	1	6	1	18	1	20	-0.010003812	37.05439
403	1	4	1	6	1	20	1	22	-0.006111012	30.58593
404	1	4	1	6	1	22	1	24	-0.003802982	26.93953
405	1	4	1	6	1	24	1	26	-0.002659992	24.65384
406	1	5	1	7	1	9	1	11	-0.946052752	73.5829
407	1	5	1	7	1	11	1	13	-0.220599841	68.85014
408	1	5	1	7	1	13	1	15	-0.075988072	57.86085
409	1	5	1	7	1	15	1	17	-0.033899289	50.59073
410	1	5	1	7	1	17	1	19	-0.017856665	43.62512
411	1	5	1	7	1	19	1	21	-0.010231037	36.42733
412	1	5	1	7	1	21	1	23	-0.006099002	30.86514
413	1	5	1	7	1	23	1	25	-0.004114331	27.76263
414	1	5	1	7	1	25	1	27	-0.002727429	24.39026
415	1	6	1	8	1	10	1	12	-0.967982837	75.01264
416	1	6	1	8	1	12	1	14	-0.229184817	68.36666
417	1	6	1	8	1	14	1	16	-0.078326428	58.97505
418	1	6	1	8	1	16	1	18	-0.034279624	50.12239
419	1	6	1	8	1	18	1	20	-0.0176053	43.62792
420	1	6	1	8	1	20	1	22	-0.00990173	35.93872
421	1	6	1	8	1	22	1	24	-0.0059675	31.24683
422	1	6	1	8	1	24	1	26	-0.004034473	28.20125
423	1	6	1	8	1	26	1	28	-0.002761545	24.19879
424	1	7	1	9	1	11	1	13	-1.001007971	76.32414
425	1	7	1	9	1	13	1	15	-0.209619305	65.48685
426	1	7	1	9	1	15	1	17	-0.077747366	58.66205
427	1	7	1	9	1	17	1	19	-0.034233514	51.01849
428	1	7	1	9	1	19	1	21	-0.017386566	42.9105
429	1	7	1	9	1	21	1	23	-0.009654821	36.16173
430	1	7	1	9	1	23	1	25	-0.006533509	31.98687
431	1	7	1	9	1	25	1	27	-0.004193409	27.79786
432	1	7	1	9	1	27	1	29	-0.002703382	24.05539
433	1	8	1	10	1	12	1	14	-1.013036227	75.43415
434	1	8	1	10	1	14	1	16	-0.219820321	66.7319
435	1	8	1	10	1	16	1	18	-0.075330804	58.12863
436	1	8	1	10	1	18	1	20	-0.034922589	51.22039
437	1	8	1	10	1	20	1	22	-0.01773216	42.47559
438	1	8	1	10	1	22	1	24	-0.00992974	36.53592
439	1	8	1	10	1	24	1	26	-0.006409663	32.45278
440	1	8	1	10	1	26	1	28	-0.004206054	27.52494
441	1	8	1	10	1	28	1	30	-0.002726635	25.08155
442	1	9	1	11	1	13	1	15	-0.967752951	71.32402
443	1	9	1	11	1	15	1	17	-0.216965964	66.18738
444	1	9	1	11	1	17	1	19	-0.076287954	58.29306
445	1	9	1	11	1	19	1	21	-0.035721985	49.94447
446	1	9	1	11	1	21	1	23	-0.017119379	42.2596
447	1	9	1	11	1	23	1	25	-0.009922063	36.7366
448	1	9	1	11	1	25	1	27	-0.005878856	31.54144
449	1	9	1	11	1	27	1	29	-0.003787154	26.89322
450	1	9	1	11	1	29	1	31	-0.002812591	24.82033
451	1	10	1	12	1	14	1	16	-0.995107181	75.62596
452	1	10	1	12	1	16	1	18	-0.220749926	66.90695
453	1	10	1	12	1	18	1	20	-0.0783626	59.31802
454	1	10	1	12	1	20	1	22	-0.033810806	49.90732
455	1	10	1	12	1	22	1	24	-0.017439443	42.62614
456	1	10	1	12	1	24	1	26	-0.010172307	37.13725
457	1	10	1	12	1	26	1	28	-0.006199182	31.01832
458	1	10	1	12	1	28	1	30	-0.004175389	27.57594
459	1	10	1	12	1	30	1	32	-0.00266077	24.26848
460	1	11	1	13	1	15	1	17	-0.999799815	78.1335
461	1	11	1	13	1	17	1	19	-0.221156961	69.46017
462	1	11	1	13	1	19	1	21	-0.078446648	60.30044
463	1	11	1	13	1	21	1	23	-0.034392964	51.57576
464	1	11	1	13	1	23	1	25	-0.017988316	44.28334
465	1	11	1	13	1	25	1	27	-0.010385245	37.53914
466	1	11	1	13	1	27	1	29	-0.00617544	31.39477
467	1	11	1	13	1	29	1	31	-0.004106197	28.30012
468	1	11	1	13	1	31	1	33	-0.002812556	25.12414
469	1	12	1	14	1	16	1	18	-0.991818883	73.92579
470	1	12	1	14	1	18	1	20	-0.218450472	67.5422
471	1	12	1	14	1	20	1	22	-0.076987734	58.7484
472	1	12	1	14	1	22	1	24	-0.034739901	51.21132
473	1	12	1	14	1	24	1	26	-0.018381798	44.71393
474	1	12	1	14	1	26	1	28	-0.010349635	37.14873
475	1	12	1	14	1	28	1	30	-0.006447148	32.56617
476	1	12	1	14	1	30	1	32	-0.003990355	28.27297
477	1	12	1	14	1	32	1	34	-0.002728052	25.08046
478	1	13	1	15	1	17	1	19	-1.001398078	76.46959
479	1	13	1	15	1	19	1	21	-0.219330628	66.24102
480	1	13	1	15	1	21	1	23	-0.077588705	58.56617
481	1	13	1	15	1	23	1	25	-0.034360496	51.10879
482	1	13	1	15	1	25	1	27	-0.018196826	43.76285
483	1	13	1	15	1	27	1	29	-0.010226739	36.44796
484	1	13	1	15	1	29	1	31	-0.00625442	32.48136
485	1	13	1	15	1	31	1	33	-0.004187835	28.44395
486	1	13	1	15	1	33	1	35	-0.002625086	23.76436
487	1	14	1	16	1	18	1	20	-0.986579134	74.34363
488	1	14	1	16	1	20	1	22	-0.209996696	64.39199
489	1	14	1	16	1	22	1	24	-0.072720447	57.43898
490	1	14	1	16	1	24	1	26	-0.033676351	50.66355
491	1	14	1	16	1	26	1	28	-0.017636861	42.26682
492	1	14	1	16	1	28	1	30	-0.009595338	36.52491
493	1	14	1	16	1	30	1	32	-0.006156521	31.19628
494	1	14	1	16	1	32	1	34	-0.003997318	27.16909
495	1	14	1	16	1	34	1	36	-0.002612787	23.52679
496	1	15	1	17	1	19	1	21	-0.97091908	73.61137
497	1	15	1	17	1	21	1	23	-0.214144459	65.15834
498	1	15	1	17	1	23	1	25	-0.07393293	57.46104
499	1	15	1	17	1	25	1	27	-0.035621544	50.12171
500	1	15	1	17	1	27	1	29	-0.017186571	41.72975
501	1	15	1	17	1	29	1	31	-0.010398488	36.67316
502	1	15	1	17	1	31	1	33	-0.006017173	31.4801
503	1	15	1	17	1	33	1	35	-0.003815447	26.08113
504	1	15	1	17	1	35	1	37	-0.002699393	23.96782
505	1	16	1	18	1	20	1	22	-0.91063186	70.5375
506	1	16	1	18	1	22	1	24	-0.216215342	64.30329
507	1	16	1	18	1	24	1	26	-0.076017313	57.72201
508	1	16	1	18	1	26	1	28	-0.032147637	49.12415
509	1	16	1	18	1	28	1	30	-0.017611633	42.32331
510	1	16	1	18	1	30	1	32	-0.010220054	35.77413
511	1	16	1	18	1	32	1	34	-0.005973737	30.67625
512	1	16	1	18	1	34	1	36	-0.003891624	26.17119
513	1	16	1	18	1	36	1	38	-0.002691083	24.17224
514	1	17	1	19	1	21	1	23	-0.957800585	73.32361
515	1	17	1	19	1	23	1	25	-0.200247219	63.99286
516	1	17	1	19	1	25	1	27	-0.076940348	57.46927
517	1	17	1	19	1	27	1	29	-0.032825124	48.43679
518	1	17	1	19	1	29	1	31	-0.017193382	42.40109
519	1	17	1	19	1	31	1	33	-0.009942819	35.76715
520	1	17	1	19	1	33	1	35	-0.00588244	29.36504
521	1	17	1	19	1	35	1	37	-0.003784576	26.31907
522	1	17	1	19	1	37	1	39	-0.002735772	23.63779
523	1	18	1	20	1	22	1	24	-0.949555969	74.15951
524	1	18	1	20	1	24	1	26	-0.216882941	66.45059
525	1	18	1	20	1	26	1	28	-0.075740195	58.03329
526	1	18	1	20	1	28	1	30	-0.035187154	50.5022
527	1	18	1	20	1	30	1	32	-0.01751192	42.63448
528	1	18	1	20	1	32	1	34	-0.009985977	36.18349
529	1	18	1	20	1	34	1	36	-0.00600418	30.44343
530	1	18	1	20	1	36	1	38	-0.004107977	27.68283
531	1	18	1	20	1	38	1	40	-0.002693808	24.04198
532	1	19	1	21	1	23	1	25	-1.01809427	76.59695
533	1	19	1	21	1	25	1	27	-0.226264634	68.79752
534	1	19	1	21	1	27	1	29	-0.076089169	58.86261
535	1	19	1	21	1	29	1	31	-0.035905809	52.2153
536	1	19	1	21	1	31	1	33	-0.018659521	43.87316
537	1	19	1	21	1	33	1	35	-0.009688982	35.93042
538	1	19	1	21	1	35	1	37	-0.006081309	31.7597
539	1	19	1	21	1	37	1	39	-0.004060662	28.26916
540	1	19	1	21	1	39	1	41	-0.002795635	24.56275
541	1	20	1	22	1	24	1	26	-0.987296074	75.60073
542	1	20	1	22	1	26	1	28	-0.221222987	67.74693
543	1	20	1	22	1	28	1	30	-0.079843385	60.04302
544	1	20	1	22	1	30	1	32	-0.034713341	51.4219
545	1	20	1	22	1	32	1	34	-0.018845548	43.71696
546	1	20	1	22	1	34	1	36	-0.009747972	36.52754
547	1	20	1	22	1	36	1	38	-0.006394142	32.87841
548	1	20	1	22	1	38	1	40	-0.004059857	28.24778
549	1	20	1	22	1	40	1	42	-0.002673442	23.86908
550	1	21	1	23	1	25	1	27	-0.900771786	73.26605
551	1	21	1	23	1	27	1	29	-0.21176991	65.15504
552	1	21	1	23	1	29	1	31	-0.078260749	59.65955
553	1	21	1	23	1	31	1	33	-0.034265392	50.67896
554	1	21	1	23	1	33	1	35	-0.017311584	41.91542
555	1	21	1	23	1	35	1	37	-0.01004424	36.55295
556	1	21	1	23	1	37	1	39	-0.00630717	32.18013
557	1	21	1	23	1	39	1	41	-0.003967574	27.59591
558	1	21	1	23	1	41	1	43	-0.002596424	23.5862
559	1	22	1	24	1	26	1	28	-0.985040875	74.22201
560	1	22	1	24	1	28	1	30	-0.21368084	66.85509
561	1	22	1	24	1	30	1	32	-0.073935328	58.55982
562	1	22	1	24	1	32	1	34	-0.034977858	50.2917
563	1	22	1	24	1	34	1	36	-0.017261821	41.94319
564	1	22	1	24	1	36	1	38	-0.010251961	37.21944
565	1	22	1	24	1	38	1	40	-0.00614651	31.41474
566	1	22	1	24	1	40	1	42	-0.003739056	26.35662
567	1	22	1	24	1	42	1	44	-0.002694407	24.12877
568	1	23	1	25	1	27	1	29	-0.958755334	74.59202
569	1	23	1	25	1	29	1	31	-0.227434961	69.02375
570	1	23	1	25	1	31	1	33	-0.075408365	58.81464
571	1	23	1	25	1	33	1	35	-0.033703271	49.44594
572	1	23	1	25	1	35	1	37	-0.016986294	42.49884
573	1	23	1	25	1	37	1	39	-0.010251565	36.87092
574	1	23	1	25	1	39	1	41	-0.006145691	31.00145
575	1	23	1	25	1	41	1	43	-0.003770153	26.04481
576	1	23	1	25	1	43	1	45	-0.002597178	23.86405
577	1	24	1	26	1	28	1	30	-0.944245134	74.22493
578	1	24	1	26	1	30	1	32	-0.212212692	66.99461
579	1	24	1	26	1	32	1	34	-0.078754882	58.63173
580	1	24	1	26	1	34	1	36	-0.033737245	49.4918
581	1	24	1	26	1	36	1	38	-0.017971455	43.71151
582	1	24	1	26	1	38	1	40	-0.010098493	36.39924
583	1	24	1	26	1	40	1	42	-0.005871908	30.29111
584	1	24	1	26	1	42	1	44	-0.003875403	26.93109
585	1	24	1	26	1	44	1	46	-0.002688009	23.95711
586	1	25	1	27	1	29	1	31	-1.014886381	76.49549
587	1	25	1	27	1	31	1	33	-0.21478223	65.43426
588	1	25	1	27	1	33	1	35	-0.075954865	57.33327
589	1	25	1	27	1	35	1	37	-0.033865418	49.73258
590	1	25	1	27	1	37	1	39	-0.017958769	43.32252
591	1	25	1	27	1	39	1	41	-0.010361069	36.17339
592	1	25	1	27	1	41	1	43	-0.005807926	30.10023
593	1	25	1	27	1	43	1	45	-0.003963376	27.10355
594	1	25	1	27	1	45	1	47	-0.002710077	24.76739
595	1	26	1	28	1	30	1	32	-0.964261692	75.35553
596	1	26	1	28	1	32	1	34	-0.209781126	66.58606
597	1	26	1	28	1	34	1	36	-0.074657281	57.912
598	1	26	1	28	1	36	1	38	-0.034282107	51.7927
599	1	26	1	28	1	38	1	40	-0.017836993	43.16485
600	1	26	1	28	1	40	1	42	-0.009853104	35.89475
601	1	26	1	28	1	42	1	44	-0.005886885	31.3
602	1	26	1	28	1	44	1	46	-0.004122852	27.56016
603	1	26	1	28	1	46	1	48	-0.002813552	25.36539
604	1	27	1	29	1	31	1	33	-0.934586238	74.05025
605	1	27	1	29	1	33	1	35	-0.211551228	67.74618
606	1	27	1	29	1	35	1	37	-0.079335039	59.083
607	1	27	1	29	1	37	1	39	-0.035833696	52.03792
608	1	27	1	29	1	39	1	41	-0.017994625	43.41127
609	1	27	1	29	1	41	1	43	-0.009561905	35.8753
610	1	27	1	29	1	43	1	45	-0.006098457	31.67688
611	1	27	1	29	1	45	1	47	-0.004120775	28.56614
612	1	28	1	30	1	32	1	34	-0.961382347	75.17464
613	1	28	1	30	1	34	1	36	-0.215181684	67.16386
614	1	28	1	30	1	36	1	38	-0.080005633	60.45708
615	1	28	1	30	1	38	1	40	-0.034555488	50.71253
616	1	28	1	30	1	40	1	42	-0.017282869	42.41992
617	1	28	1	30	1	42	1	44	-0.010101961	36.16876
618	1	28	1	30	1	44	1	46	-0.005946718	31.398
619	1	28	1	30	1	46	1	48	-0.004146284	28.31447
620	1	29	1	31	1	33	1	35	-0.997820567	77.28565
621	1	29	1	31	1	35	1	37	-0.219099113	66.82407
622	1	29	1	31	1	37	1	39	-0.077741524	59.24275
623	1	29	1	31	1	39	1	41	-0.035394124	49.96523
624	1	29	1	31	1	41	1	43	-0.017279867	41.40338
625	1	29	1	31	1	43	1	45	-0.010158179	35.88309
626	1	29	1	31	1	45	1	47	-0.006248507	31.87735
627	1	30	1	32	1	34	1	36	-1.000901874	75.51909
628	1	30	1	32	1	36	1	38	-0.232167806	68.91053
629	1	30	1	32	1	38	1	40	-0.079083749	58.23783
630	1	30	1	32	1	40	1	42	-0.033696692	49.74203
631	1	30	1	32	1	42	1	44	-0.017260338	42.06865
632	1	30	1	32	1	44	1	46	-0.009637324	36.2856
633	1	30	1	32	1	46	1	48	-0.006321761	32.21764
634	1	31	1	33	1	35	1	37	-0.968747193	73.9637
635	1	31	1	33	1	37	1	39	-0.225091506	66.55
636	1	31	1	33	1	39	1	41	-0.075042468	57.15185
637	1	31	1	33	1	41	1	43	-0.033651393	48.18532
638	1	31	1	33	1	43	1	45	-0.017147001	41.40023
639	1	31	1	33	1	45	1	47	-0.010080412	36.45069
640	1	32	1	34	1	36	1	38	-0.993020136	77.35619
641	1	32	1	34	1	38	1	40	-0.220261802	65.62678
642	1	32	1	34	1	40	1	42	-0.075931251	57.87866
643	1	32	1	34	1	42	1	44	-0.033769481	49.26901
644	1	32	1	34	1	44	1	46	-0.017164804	42.66196
645	1	33	1	35	1	37	1	39	-1.026507092	75.11514
646	1	33	1	35	1	39	1	41	-0.215169832	67.38076
647	1	33	1	35	1	41	1	43	-0.080570108	58.17618
648	1	33	1	35	1	43	1	45	-0.035065966	50.49293
649	1	33	1	35	1	45	1	47	-0.018020804	44.84788
650	1	34	1	36	1	38	1	40	-0.933881313	71.37509
651	1	34	1	36	1	40	1	42	-0.219543741	67.20152
652	1	34	1	36	1	42	1	44	-0.075931831	57.44752
653	1	34	1	36	1	44	1	46	-0.034359775	50.24394
654	1	34	1	36	1	46	1	48	-0.019373159	44.12936
655	1	35	1	37	1	39	1	41	-0.964165024	75.11865
656	1	35	1	37	1	41	1	43	-0.218278638	64.822
657	1	35	1	37	1	43	1	45	-0.072502961	56.71865
658	1	35	1	37	1	45	1	47	-0.03317606	51.02642
659	1	36	1	38	1	40	1	42	-0.950772936	70.65103
660	1	36	1	38	1	42	1	44	-0.210953376	61.9452
661	1	36	1	38	1	44	1	46	-0.074922307	55.59349
662	1	36	1	38	1	46	1	48	-0.033568516	49.77979
663	1	37	1	39	1	41	1	43	-0.968260177	72.82665
664	1	37	1	39	1	43	1	45	-0.208420585	65.35356
665	1	37	1	39	1	45	1	47	-0.076575589	58.85919
666	1	38	1	40	1	42	1	44	-0.993337896	76.09552
667	1	38	1	40	1	44	1	46	-0.22746958	67.67653
668	1	38	1	40	1	46	1	48	-0.077327908	60.01576
669	1	39	1	41	1	43	1	45	-1.024294938	77.71929
670	1	39	1	41	1	45	1	47	-0.227023772	69.32722
671	1	40	1	42	1	44	1	46	-0.978350339	75.5917
672	1	40	1	42	1	46	1	48	-0.23012911	69.57426
673	1	41	1	43	1	45	1	47	-1.07901861	79.79223
674	1	42	1	44	1	46	1	48	-1.017597907	78.05418
675	1	1	1	4	1	7	1	10	-0.572549415	68.18158
676	1	1	1	4	1	10	1	13	-0.124412066	56.41104
677	1	1	1	4	1	13	1	16	-0.042406951	44.10789
678	1	1	1	4	1	16	1	19	-0.018126106	35.05903
679	1	1	1	4	1	19	1	22	-0.009318956	27.93126
680	1	1	1	4	1	22	1	25	-0.005441377	23.8916
681	1	1	1	4	1	25	1	28	-0.003208935	20.3518
682	1	1	1	4	1	28	1	31	-0.002132122	18.66752
683	1	1	1	4	1	31	1	34	-0.001428787	16.65523
684	1	2	1	5	1	8	1	11	-0.597033794	68.06788
685	1	2	1	5	1	11	1	14	-0.122650066	57.00776
686	1	2	1	5	1	14	1	17	-0.042778995	44.24411
687	1	2	1	5	1	17	1	20	-0.018555824	35.36608
688	1	2	1	5	1	20	1	23	-0.009280989	27.4259
689	1	2	1	5	1	23	1	26	-0.005443252	23.79106
690	1	2	1	5	1	26	1	29	-0.003126204	20.18783
691	1	2	1	5	1	29	1	32	-0.002069558	18.35011
692	1	2	1	5	1	32	1	35	-0.001405133	16.36029
693	1	3	1	6	1	9	1	12	-0.602817018	67.67904
694	1	3	1	6	1	12	1	15	-0.121433066	56.4408
695	1	3	1	6	1	15	1	18	-0.042412509	44.21341
696	1	3	1	6	1	18	1	21	-0.018140693	34.77203
697	1	3	1	6	1	21	1	24	-0.009240118	27.39884
698	1	3	1	6	1	24	1	27	-0.005095239	23.84082
699	1	3	1	6	1	27	1	30	-0.003069846	19.98409
700	1	3	1	6	1	30	1	33	-0.002093812	18.46489
701	1	3	1	6	1	33	1	36	-0.001353343	15.45859
702	1	4	1	7	1	10	1	13	-0.619272032	68.63313
703	1	4	1	7	1	13	1	16	-0.125236319	55.34239
704	1	4	1	7	1	16	1	19	-0.042092267	43.78869
705	1	4	1	7	1	19	1	22	-0.018021777	34.04972
706	1	4	1	7	1	22	1	25	-0.009044145	27.8192
707	1	4	1	7	1	25	1	28	-0.005171195	22.96819
708	1	4	1	7	1	28	1	31	-0.003260861	20.35391
709	1	4	1	7	1	31	1	34	-0.002114312	17.78346
710	1	4	1	7	1	34	1	37	-0.00143447	15.89965
711	1	5	1	8	1	11	1	14	-0.599191662	70.96533
712	1	5	1	8	1	14	1	17	-0.121580441	55.69366
713	1	5	1	8	1	17	1	20	-0.04286618	44.25304
714	1	5	1	8	1	20	1	23	-0.017072215	33.71207
715	1	5	1	8	1	23	1	26	-0.00945044	27.97134
716	1	5	1	8	1	26	1	29	-0.005201073	23.03381
717	1	5	1	8	1	29	1	32	-0.003229058	20.33538
718	1	5	1	8	1	32	1	35	-0.002049342	17.78051
719	1	5	1	8	1	35	1	38	-0.001424072	16.20912
720	1	6	1	9	1	12	1	15	-0.597777748	69.46467
721	1	6	1	9	1	15	1	18	-0.125147636	55.79646
722	1	6	1	9	1	18	1	21	-0.041561055	44.09093
723	1	6	1	9	1	21	1	24	-0.017805356	34.03802
724	1	6	1	9	1	24	1	27	-0.009445173	28.50301
725	1	6	1	9	1	27	1	30	-0.005182305	23.27345
726	1	6	1	9	1	30	1	33	-0.00331283	20.9305
727	1	6	1	9	1	33	1	36	-0.002016668	17.34717
728	1	6	1	9	1	36	1	39	-0.001489918	16.64204
729	1	7	1	10	1	13	1	16	-0.601353028	67.41589
730	1	7	1	10	1	16	1	19	-0.120279543	55.46186
731	1	7	1	10	1	19	1	22	-0.041226534	43.61178
732	1	7	1	10	1	22	1	25	-0.017936722	34.66984
733	1	7	1	10	1	25	1	28	-0.009246637	27.83877
734	1	7	1	10	1	28	1	31	-0.005229888	23.91469
735	1	7	1	10	1	31	1	34	-0.003340169	20.4764
736	1	7	1	10	1	34	1	37	-0.002096703	18.05772
737	1	7	1	10	1	37	1	40	-0.001524335	16.68186
738	1	8	1	11	1	14	1	17	-0.580777761	67.56558
739	1	8	1	11	1	17	1	20	-0.119158852	55.56715
740	1	8	1	11	1	20	1	23	-0.042468789	42.97974
741	1	8	1	11	1	23	1	26	-0.018030896	34.57645
742	1	8	1	11	1	26	1	29	-0.009456815	27.62587
743	1	8	1	11	1	29	1	32	-0.005080758	23.63663
744	1	8	1	11	1	32	1	35	-0.003159845	20.21121
745	1	8	1	11	1	35	1	38	-0.002126061	18.14487
746	1	8	1	11	1	38	1	41	-0.001447228	15.98965
747	1	9	1	12	1	15	1	18	-0.61009359	69.57376
748	1	9	1	12	1	18	1	21	-0.126256903	56.03098
749	1	9	1	12	1	21	1	24	-0.041151044	43.43063
750	1	9	1	12	1	24	1	27	-0.018311457	34.96303
751	1	9	1	12	1	27	1	30	-0.009030276	27.54667
752	1	9	1	12	1	30	1	33	-0.005286834	23.76518
753	1	9	1	12	1	33	1	36	-0.003073636	19.32827
754	1	9	1	12	1	36	1	39	-0.002107176	18.08959
755	1	9	1	12	1	39	1	42	-0.001330866	15.33563
756	1	10	1	13	1	16	1	19	-0.619755597	70.31392
757	1	10	1	13	1	19	1	22	-0.12543555	56.59066
758	1	10	1	13	1	22	1	25	-0.043540532	44.47883
759	1	10	1	13	1	25	1	28	-0.01851296	34.55497
760	1	10	1	13	1	28	1	31	-0.009813803	28.23432
761	1	10	1	13	1	31	1	34	-0.005207786	23.25302
762	1	10	1	13	1	34	1	37	-0.003061591	19.88992
763	1	10	1	13	1	37	1	40	-0.00204591	17.95703
764	1	10	1	13	1	40	1	43	-0.00130126	14.95362
765	1	11	1	14	1	17	1	20	-0.598667223	69.40414
766	1	11	1	14	1	20	1	23	-0.125059881	55.89419
767	1	11	1	14	1	23	1	26	-0.043297966	44.82999
768	1	11	1	14	1	26	1	29	-0.018707484	34.81376
769	1	11	1	14	1	29	1	32	-0.009458664	28.57683
770	1	11	1	14	1	32	1	35	-0.005350701	23.59425
771	1	11	1	14	1	35	1	38	-0.00331079	20.62255
772	1	11	1	14	1	38	1	41	-0.002121713	17.8945
773	1	11	1	14	1	41	1	44	-0.001424358	15.69255
774	1	12	1	15	1	18	1	21	-0.606962445	69.07844
775	1	12	1	15	1	21	1	24	-0.121222041	55.96225
776	1	12	1	15	1	24	1	27	-0.041335396	45.0725
777	1	12	1	15	1	27	1	30	-0.018352624	34.66548
778	1	12	1	15	1	30	1	33	-0.009502952	28.72023
779	1	12	1	15	1	33	1	36	-0.005042433	22.8069
780	1	12	1	15	1	36	1	39	-0.003351552	20.77453
781	1	12	1	15	1	39	1	42	-0.00202745	17.42645
782	1	12	1	15	1	42	1	45	-0.001398315	16.24626
783	1	13	1	16	1	19	1	22	-0.584667574	67.22144
784	1	13	1	16	1	22	1	25	-0.123246585	55.16831
785	1	13	1	16	1	25	1	28	-0.041785611	43.55902
786	1	13	1	16	1	28	1	31	-0.018669367	34.67355
787	1	13	1	16	1	31	1	34	-0.009370987	27.69364
788	1	13	1	16	1	34	1	37	-0.005059287	23.04341
789	1	13	1	16	1	37	1	40	-0.003231931	20.38704
790	1	13	1	16	1	40	1	43	-0.002015461	16.8236
791	1	13	1	16	1	43	1	46	-0.001450691	16.10489
792	1	14	1	17	1	20	1	23	-0.584884095	66.23738
793	1	14	1	17	1	23	1	26	-0.120480696	54.98269
794	1	14	1	17	1	26	1	29	-0.04021787	43.13131
795	1	14	1	17	1	29	1	32	-0.018218518	34.39038
796	1	14	1	17	1	32	1	35	-0.0089254	27.39227
797	1	14	1	17	1	35	1	38	-0.005282274	23.18347
798	1	14	1	17	1	38	1	41	-0.003097043	19.69154
799	1	14	1	17	1	41	1	44	-0.002005959	16.98193
800	1	14	1	17	1	44	1	47	-0.001440105	16.09754
801	1	15	1	18	1	21	1	24	-0.567883691	66.32436
802	1	15	1	18	1	24	1	27	-0.119362685	54.88001
803	1	15	1	18	1	27	1	30	-0.040015543	42.4849
804	1	15	1	18	1	30	1	33	-0.017775253	33.92242
805	1	15	1	18	1	33	1	36	-0.008532949	26.16375
806	1	15	1	18	1	36	1	39	-0.005110885	22.87461
807	1	15	1	18	1	39	1	42	-0.002932619	18.83249
808	1	15	1	18	1	42	1	45	-0.002028243	17.02624
809	1	15	1	18	1	45	1	48	-0.001407852	15.78013
810	1	16	1	19	1	22	1	25	-0.599000036	66.10553
811	1	16	1	19	1	25	1	28	-0.127303368	54.39974
812	1	16	1	19	1	28	1	31	-0.041567555	43.10165
813	1	16	1	19	1	31	1	34	-0.017206529	33.38328
814	1	16	1	19	1	34	1	37	-0.008675457	26.71774
815	1	16	1	19	1	37	1	40	-0.00519345	22.83624
816	1	16	1	19	1	40	1	43	-0.002973456	18.52334
817	1	16	1	19	1	43	1	46	-0.001946535	17.15527
818	1	17	1	20	1	23	1	26	-0.590730272	67.19731
819	1	17	1	20	1	26	1	29	-0.122873807	54.80049
820	1	17	1	20	1	29	1	32	-0.041178875	43.50637
821	1	17	1	20	1	32	1	35	-0.017943294	33.50699
822	1	17	1	20	1	35	1	38	-0.00877114	27.24243
823	1	17	1	20	1	38	1	41	-0.004905977	22.42413
824	1	17	1	20	1	41	1	44	-0.003077337	18.83445
825	1	17	1	20	1	44	1	47	-0.002092112	17.35929
826	1	18	1	21	1	24	1	27	-0.628337067	69.86177
827	1	18	1	21	1	27	1	30	-0.124704915	55.82027
828	1	18	1	21	1	30	1	33	-0.042386919	44.34847
829	1	18	1	21	1	33	1	36	-0.017995938	33.49791
830	1	18	1	21	1	36	1	39	-0.00914492	28.24496
831	1	18	1	21	1	39	1	42	-0.004996659	22.71941
832	1	18	1	21	1	42	1	45	-0.003134399	19.99404
833	1	18	1	21	1	45	1	48	-0.002136357	18.27152
834	1	19	1	22	1	25	1	28	-0.598353499	69.52801
835	1	19	1	22	1	28	1	31	-0.132330272	56.85982
836	1	19	1	22	1	31	1	34	-0.042641875	44.13228
837	1	19	1	22	1	34	1	37	-0.017557153	34.46198
838	1	19	1	22	1	37	1	40	-0.009268017	28.65119
839	1	19	1	22	1	40	1	43	-0.005193769	22.76211
840	1	19	1	22	1	43	1	46	-0.003216438	20.61819
841	1	20	1	23	1	26	1	29	-0.597937289	68.12873
842	1	20	1	23	1	29	1	32	-0.127483036	56.62294
843	1	20	1	23	1	32	1	35	-0.041920036	43.823
844	1	20	1	23	1	35	1	38	-0.018454515	34.87556
845	1	20	1	23	1	38	1	41	-0.009284653	28.01823
846	1	20	1	23	1	41	1	44	-0.005107224	23.01056
847	1	20	1	23	1	44	1	47	-0.003299312	20.8708
848	1	21	1	24	1	27	1	30	-0.566410651	67.82672
849	1	21	1	24	1	30	1	33	-0.124859549	55.95821
850	1	21	1	24	1	33	1	36	-0.040292626	42.72964
851	1	21	1	24	1	36	1	39	-0.018902285	34.93861
852	1	21	1	24	1	39	1	42	-0.008954693	27.35113
853	1	21	1	24	1	42	1	45	-0.005094805	23.22098
854	1	21	1	24	1	45	1	48	-0.003252346	20.77881
855	1	22	1	25	1	28	1	31	-0.605063334	69.14424
856	1	22	1	25	1	31	1	34	-0.121418016	55.43602
857	1	22	1	25	1	34	1	37	-0.041812443	43.04652
858	1	22	1	25	1	37	1	40	-0.019010732	34.59934
859	1	22	1	25	1	40	1	43	-0.008606083	26.62605
860	1	22	1	25	1	43	1	46	-0.004994744	22.95002
861	1	23	1	26	1	29	1	32	-0.61453662	69.91062
862	1	23	1	26	1	32	1	35	-0.125257603	55.40659
863	1	23	1	26	1	35	1	38	-0.041901125	43.75886
864	1	23	1	26	1	38	1	41	-0.01770369	34.04449
865	1	23	1	26	1	41	1	44	-0.009024238	26.84243
866	1	23	1	26	1	44	1	47	-0.005022896	23.27491
867	1	24	1	27	1	30	1	33	-0.588630918	68.35493
868	1	24	1	27	1	33	1	36	-0.115963555	54.41273
869	1	24	1	27	1	36	1	39	-0.041804105	43.96783
870	1	24	1	27	1	39	1	42	-0.016971832	33.51408
871	1	24	1	27	1	42	1	45	-0.008859083	27.06957
872	1	24	1	27	1	45	1	48	-0.005187822	23.35739
873	1	25	1	28	1	31	1	34	-0.601836683	67.71325
874	1	25	1	28	1	34	1	37	-0.123469001	55.2379
875	1	25	1	28	1	37	1	40	-0.042656571	44.58572
876	1	25	1	28	1	40	1	43	-0.017312771	33.67754
877	1	25	1	28	1	43	1	46	-0.009557758	27.90458
878	1	26	1	29	1	32	1	35	-0.608774476	68.52715
879	1	26	1	29	1	35	1	38	-0.121989951	56.20731
880	1	26	1	29	1	38	1	41	-0.041817286	43.81422
881	1	26	1	29	1	41	1	44	-0.017266075	33.69835
882	1	26	1	29	1	44	1	47	-0.009187873	28.16222
883	1	27	1	30	1	33	1	36	-0.62190273	70.43858
884	1	27	1	30	1	36	1	39	-0.12626718	57.16297
885	1	27	1	30	1	39	1	42	-0.041536134	43.7602
886	1	27	1	30	1	42	1	45	-0.017789901	34.20845
887	1	27	1	30	1	45	1	48	-0.009471392	28.6402
888	1	28	1	31	1	34	1	37	-0.599953919	68.68549
889	1	28	1	31	1	37	1	40	-0.120033215	56.18937
890	1	28	1	31	1	40	1	43	-0.042894042	42.67566
891	1	28	1	31	1	43	1	46	-0.018126835	33.94994
892	1	29	1	32	1	35	1	38	-0.617382877	70.01181
893	1	29	1	32	1	38	1	41	-0.116986379	55.42431
894	1	29	1	32	1	41	1	44	-0.041291624	42.76534
895	1	29	1	32	1	44	1	47	-0.018395494	34.57055
896	1	30	1	33	1	36	1	39	-0.59879464	68.93973
897	1	30	1	33	1	39	1	42	-0.119369711	54.05237
898	1	30	1	33	1	42	1	45	-0.038364288	41.9572
899	1	30	1	33	1	45	1	48	-0.017800825	34.15326
900	1	31	1	34	1	37	1	40	-0.597329717	69.38327
901	1	31	1	34	1	40	1	43	-0.127477054	54.87838
902	1	31	1	34	1	43	1	46	-0.042331334	43.42516
903	1	32	1	35	1	38	1	41	-0.593019185	67.42234
904	1	32	1	35	1	41	1	44	-0.125363692	54.61881
905	1	32	1	35	1	44	1	47	-0.042263295	44.04863
906	1	33	1	36	1	39	1	42	-0.598156055	69.31848
907	1	33	1	36	1	42	1	45	-0.12023493	54.8829
908	1	33	1	36	1	45	1	48	-0.042533719	45.07519
909	1	34	1	37	1	40	1	43	-0.607302934	67.62148
910	1	34	1	37	1	43	1	46	-0.123031634	54.4804
911	1	35	1	38	1	41	1	44	-0.558729042	64.19513
912	1	35	1	38	1	44	1	47	-0.119862554	53.8185
913	1	36	1	39	1	42	1	45	-0.594103442	67.16794
914	1	36	1	39	1	45	1	48	-0.12457888	55.71276
915	1	37	1	40	1	43	1	46	-0.603613328	69.38282
916	1	38	1	41	1	44	1	47	-0.597948594	70.07661
917	1	39	1	42	1	45	1	48	-0.63049629	71.67097
918	1	1	1	5	1	9	1	13	-0.40489187	61.7638
919	1	1	1	5	1	13	1	17	-0.076673779	44.97002
920	1	1	1	5	1	17	1	21	-0.026424415	33.26719
921	1	1	1	5	1	21	1	25	-0.011075571	25.08403
922	1	1	1	5	1	25	1	29	-0.005873502	20.46256
923	1	1	1	5	1	29	1	33	-0.003404546	18.20707
924	1	1	1	5	1	33	1	37	-0.001971797	15.10154
925	1	1	1	5	1	37	1	41	-0.001312841	13.88093
926	1	1	1	5	1	41	1	45	-0.000880357	12.07881
927	1	2	1	6	1	10	1	14	-0.406903978	61.96767
928	1	2	1	6	1	14	1	18	-0.079478279	45.29395
929	1	2	1	6	1	18	1	22	-0.026840243	32.65078
930	1	2	1	6	1	22	1	26	-0.011637704	25.01571
931	1	2	1	6	1	26	1	30	-0.005646206	20.26032
932	1	2	1	6	1	30	1	34	-0.003231749	17.46959
933	1	2	1	6	1	34	1	38	-0.001966738	15.23466
934	1	2	1	6	1	38	1	42	-0.001258441	13.03391
935	1	2	1	6	1	42	1	46	-0.000876749	12.20868
936	1	3	1	7	1	11	1	15	-0.423875515	63.10087
937	1	3	1	7	1	15	1	19	-0.081747873	45.38259
938	1	3	1	7	1	19	1	23	-0.025889891	32.33367
939	1	3	1	7	1	23	1	27	-0.011536942	25.299
940	1	3	1	7	1	27	1	31	-0.005840803	20.33873
941	1	3	1	7	1	31	1	35	-0.003284392	17.38891
942	1	3	1	7	1	35	1	39	-0.001976439	15.43031
943	1	3	1	7	1	39	1	43	-0.001237178	13.04116
944	1	3	1	7	1	43	1	47	-0.000876477	12.62581
945	1	4	1	8	1	12	1	16	-0.407016336	62.87894
946	1	4	1	8	1	16	1	20	-0.079970297	44.88965
947	1	4	1	8	1	20	1	24	-0.025845344	31.90731
948	1	4	1	8	1	24	1	28	-0.011384253	25.0403
949	1	4	1	8	1	28	1	32	-0.005848145	20.46817
950	1	4	1	8	1	32	1	36	-0.003165407	17.19063
951	1	4	1	8	1	36	1	40	-0.002055812	15.43385
952	1	4	1	8	1	40	1	44	-0.001230024	12.81544
953	1	4	1	8	1	44	1	48	-0.000897226	12.39473
954	1	5	1	9	1	13	1	17	-0.397153318	61.04787
955	1	5	1	9	1	17	1	21	-0.080380361	45.1835
956	1	5	1	9	1	21	1	25	-0.025890199	32.37588
957	1	5	1	9	1	25	1	29	-0.011239955	24.81135
958	1	5	1	9	1	29	1	33	-0.005974049	20.88869
959	1	5	1	9	1	33	1	37	-0.003162674	16.90461
960	1	5	1	9	1	37	1	41	-0.002018095	15.21832
961	1	5	1	9	1	41	1	45	-0.001179917	13.09573
962	1	6	1	10	1	14	1	18	-0.402454121	61.73284
963	1	6	1	10	1	18	1	22	-0.082516257	45.08559
964	1	6	1	10	1	22	1	26	-0.027089278	32.78551
965	1	6	1	10	1	26	1	30	-0.011477283	25.13015
966	1	6	1	10	1	30	1	34	-0.005813058	20.74967
967	1	6	1	10	1	34	1	38	-0.003377289	17.64873
968	1	6	1	10	1	38	1	42	-0.001966015	14.93665
969	1	6	1	10	1	42	1	46	-0.001312177	13.8146
970	1	7	1	11	1	15	1	19	-0.409668244	61.52608
971	1	7	1	11	1	19	1	23	-0.081283264	44.4151
972	1	7	1	11	1	23	1	27	-0.025605967	32.74006
973	1	7	1	11	1	27	1	31	-0.011501293	24.87307
974	1	7	1	11	1	31	1	35	-0.005896912	20.32566
975	1	7	1	11	1	35	1	39	-0.003418601	17.53871
976	1	7	1	11	1	39	1	43	-0.001902638	14.66489
977	1	7	1	11	1	43	1	47	-0.001315146	13.95927
978	1	8	1	12	1	16	1	20	-0.41962324	62.0022
979	1	8	1	12	1	20	1	24	-0.077536577	44.44272
980	1	8	1	12	1	24	1	28	-0.02621511	32.81326
981	1	8	1	12	1	28	1	32	-0.011775117	25.18403
982	1	8	1	12	1	32	1	36	-0.005735539	20.23635
983	1	8	1	12	1	36	1	40	-0.003288977	17.65434
984	1	8	1	12	1	40	1	44	-0.001988506	14.50014
985	1	8	1	12	1	44	1	48	-0.001355834	13.80221
986	1	9	1	13	1	17	1	21	-0.420721666	63.3653
987	1	9	1	13	1	21	1	25	-0.077111011	45.4464
988	1	9	1	13	1	25	1	29	-0.026147907	32.70754
989	1	9	1	13	1	29	1	33	-0.011482355	25.56696
990	1	9	1	13	1	33	1	37	-0.005537998	19.83087
991	1	9	1	13	1	37	1	41	-0.003222479	17.30293
992	1	9	1	13	1	41	1	45	-0.001949811	14.62692
993	1	10	1	14	1	18	1	22	-0.391531565	62.30505
994	1	10	1	14	1	22	1	26	-0.080101567	45.55291
995	1	10	1	14	1	26	1	30	-0.026075794	32.8536
996	1	10	1	14	1	30	1	34	-0.011407609	25.27041
997	1	10	1	14	1	34	1	38	-0.005705944	20.45581
998	1	10	1	14	1	38	1	42	-0.003188676	16.89313
999	1	10	1	14	1	42	1	46	-0.002030396	15.20745
1000	1	11	1	15	1	19	1	23	-0.417234567	61.99328
1001	1	11	1	15	1	23	1	27	-0.081640926	45.73891
1002	1	11	1	15	1	27	1	31	-0.026737753	32.81592
1003	1	11	1	15	1	31	1	35	-0.011409719	25.08033
1004	1	11	1	15	1	35	1	39	-0.005693612	20.62075
1005	1	11	1	15	1	39	1	43	-0.003240289	16.85532
1006	1	11	1	15	1	43	1	47	-0.002048317	15.59767
1007	1	12	1	16	1	20	1	24	-0.408060213	60.50227
1008	1	12	1	16	1	24	1	28	-0.078871506	45.26165
1009	1	12	1	16	1	28	1	32	-0.026763279	32.80975
1010	1	12	1	16	1	32	1	36	-0.011175675	24.78455
1011	1	12	1	16	1	36	1	40	-0.005692643	20.63804
1012	1	12	1	16	1	40	1	44	-0.003227676	16.59431
1013	1	12	1	16	1	44	1	48	-0.002089569	15.386
1014	1	13	1	17	1	21	1	25	-0.393485955	60.83948
1015	1	13	1	17	1	25	1	29	-0.081746869	44.60174
1016	1	13	1	17	1	29	1	33	-0.025442656	32.93858
1017	1	13	1	17	1	33	1	37	-0.011042442	24.27625
1018	1	13	1	17	1	37	1	41	-0.005763657	20.31643
1019	1	13	1	17	1	41	1	45	-0.003127428	16.73965
1020	1	14	1	18	1	22	1	26	-0.390141804	60.19593
1021	1	14	1	18	1	26	1	30	-0.079004784	44.02257
1022	1	14	1	18	1	30	1	34	-0.026246907	31.90219
1023	1	14	1	18	1	34	1	38	-0.010703617	24.25256
1024	1	14	1	18	1	38	1	42	-0.005480502	19.25623
1025	1	14	1	18	1	42	1	46	-0.003079419	16.66066
1026	1	15	1	19	1	23	1	27	-0.397096108	59.93964
1027	1	15	1	19	1	27	1	31	-0.077996275	43.67578
1028	1	15	1	19	1	31	1	35	-0.025068496	31.4575
1029	1	15	1	19	1	35	1	39	-0.011188434	24.23734
1030	1	15	1	19	1	39	1	43	-0.005127454	19.03969
1031	1	15	1	19	1	43	1	47	-0.003163726	16.8395
1032	1	16	1	20	1	24	1	28	-0.413192822	61.21982
1033	1	16	1	20	1	28	1	32	-0.079221455	44.51997
1034	1	16	1	20	1	32	1	36	-0.025808179	31.68093
1035	1	16	1	20	1	36	1	40	-0.011127493	24.70668
1036	1	16	1	20	1	40	1	44	-0.005529026	19.10406
1037	1	16	1	20	1	44	1	48	-0.003177528	16.96612
1038	1	17	1	21	1	25	1	29	-0.41483828	62.42749
1039	1	17	1	21	1	29	1	33	-0.079811696	45.47989
1040	1	17	1	21	1	33	1	37	-0.024255161	31.62282
1041	1	17	1	21	1	37	1	41	-0.01136532	24.78539
1042	1	17	1	21	1	41	1	45	-0.005245812	19.47131
1043	1	18	1	22	1	26	1	30	-0.412655138	62.47022
1044	1	18	1	22	1	30	1	34	-0.082441009	45.25788
1045	1	18	1	22	1	34	1	38	-0.026137344	32.59884
1046	1	18	1	22	1	38	1	42	-0.011160002	24.65254
1047	1	18	1	22	1	42	1	46	-0.005547456	20.38655
1048	1	19	1	23	1	27	1	31	-0.396229394	61.45225
1049	1	19	1	23	1	31	1	35	-0.078857474	44.80398
1050	1	19	1	23	1	35	1	39	-0.026462088	32.86133
1051	1	19	1	23	1	39	1	43	-0.011127902	24.64921
1052	1	19	1	23	1	43	1	47	-0.00586301	20.89687
1053	1	20	1	24	1	28	1	32	-0.409643062	62.22892
1054	1	20	1	24	1	32	1	36	-0.080470204	44.71791
1055	1	20	1	24	1	36	1	40	-0.028386254	33.16861
1056	1	20	1	24	1	40	1	44	-0.011389246	24.4684
1057	1	20	1	24	1	44	1	48	-0.005749525	20.84064
1058	1	21	1	25	1	29	1	33	-0.40924667	63.20123
1059	1	21	1	25	1	33	1	37	-0.078508046	44.10952
1060	1	21	1	25	1	37	1	41	-0.02606129	32.66589
1061	1	21	1	25	1	41	1	45	-0.010807626	24.18627
1062	1	22	1	26	1	30	1	34	-0.406921565	61.89824
1063	1	22	1	26	1	34	1	38	-0.077671599	44.51677
1064	1	22	1	26	1	38	1	42	-0.025311327	31.92853
1065	1	22	1	26	1	42	1	46	-0.011048274	24.53057
1066	1	23	1	27	1	31	1	35	-0.402055679	60.82797
1067	1	23	1	27	1	35	1	39	-0.076457918	44.59388
1068	1	23	1	27	1	39	1	43	-0.025899252	31.65055
1069	1	23	1	27	1	43	1	47	-0.011442104	24.76852
1070	1	24	1	28	1	32	1	36	-0.408119291	61.483
1071	1	24	1	28	1	36	1	40	-0.07895884	45.55466
1072	1	24	1	28	1	40	1	44	-0.026074614	31.83266
1073	1	24	1	28	1	44	1	48	-0.01121045	25.1368
1074	1	25	1	29	1	33	1	37	-0.407538431	62.05759
1075	1	25	1	29	1	37	1	41	-0.079948949	45.58084
1076	1	25	1	29	1	41	1	45	-0.025179707	31.90176
1077	1	26	1	30	1	34	1	38	-0.423437405	62.37365
1078	1	26	1	30	1	38	1	42	-0.082002102	44.76419
1079	1	26	1	30	1	42	1	46	-0.026571827	32.30491
1080	1	27	1	31	1	35	1	39	-0.419043436	62.22195
1081	1	27	1	31	1	39	1	43	-0.077913393	44.29668
1082	1	27	1	31	1	43	1	47	-0.026555149	32.59445
1083	1	28	1	32	1	36	1	40	-0.415278033	63.19278
1084	1	28	1	32	1	40	1	44	-0.078720379	44.18095
1085	1	28	1	32	1	44	1	48	-0.026519133	32.70067
1086	1	29	1	33	1	37	1	41	-0.396362789	61.48436
1087	1	29	1	33	1	41	1	45	-0.079237018	43.1506
1088	1	30	1	34	1	38	1	42	-0.411498171	60.94783
1089	1	30	1	34	1	42	1	46	-0.078250979	44.07369
1090	1	31	1	35	1	39	1	43	-0.398412025	61.49801
1091	1	31	1	35	1	43	1	47	-0.078371131	44.91919
1092	1	32	1	36	1	40	1	44	-0.402973181	61.52118
1093	1	32	1	36	1	44	1	48	-0.080950992	45.11344
1094	1	33	1	37	1	41	1	45	-0.390516116	60.38209
1095	1	34	1	38	1	42	1	46	-0.395957251	58.55882
1096	1	35	1	39	1	43	1	47	-0.404114688	60.83772
1097	1	36	1	40	1	44	1	48	-0.399080602	61.86634
