My beautiful 3D survey

1	0	1	<< job_type, singularity_type, res_matrix

1	<< num_regions
2000

1	0	<< inverse_type, target_decrease
1	0	<< data_type, reg_mode

1.0	10	2	1	<< tolerance, max_iterations, error_mod, alpha_aniso

0.01	0.02	-10000000000.0	10000000000.0	<<  a_wgt, b_wgt, rho_min, rho_max

-1000	100	<<zmin, zmax
5	<< num_poly
-100	100
-100	-100
100	-100
100	100
-100	100


123	<< num_electrodes
1 1	181
1 2	182
1 3	183
1 4	184
1 5	185
1 6	186
1 7	187
1 8	188
1 9	189
1 10	190
1 11	191
1 12	192
1 13	193
1 14	194
1 15	195
1 16	196
1 17	197
1 18	198
1 19	199
1 20	200
1 21	201
1 22	202
1 23	203
1 24	204
1 25	205
1 26	206
1 27	207
1 28	208
1 29	209
1 30	210
1 31	211
1 32	212
1 33	213
1 34	214
1 35	215
1 36	216
1 37	217
1 38	218
1 39	219
1 40	220
1 41	221
1 42	222
1 43	223
1 44	224
1 45	225
1 46	226
1 47	227
1 48	228
1 49	229
1 50	230
1 51	231
1 52	232
1 53	233
1 54	234
1 55	235
1 56	236
1 57	237
1 58	238
1 59	239
1 60	240
1 61	241
1 62	242
1 63	243
1 64	244
1 65	245
1 66	246
1 67	247
1 68	248
1 69	249
1 70	250
1 71	251
1 72	252
1 73	253
1 74	254
1 75	255
1 76	256
1 77	257
1 78	258
1 79	259
1 80	260
1 81	261
1 82	262
1 83	263
1 84	264
1 85	265
1 86	266
1 87	267
1 88	268
1 89	269
1 90	270
1 91	271
1 92	272
1 93	273
1 94	274
1 95	275
1 96	276
1 97	277
1 98	278
1 99	279
1 100	280
1 101	281
1 102	282
1 103	283
1 104	284
1 105	285
1 106	286
1 107	287
1 108	288
1 109	289
1 110	290
1 111	291
1 112	292
1 113	293
1 114	294
1 115	295
1 116	296
1 117	297
1 118	298
1 119	299
1 120	300
1 121	301
1 122	302
1 123	303
